{
  "Random_Forest": {
    "y_pred": [
      2,
      2,
      2,
      1,
      2,
      2,
      2,
      2,
      2,
      2,
      1,
      2,
      2,
      0,
      1,
      2,
      2,
      2,
      1,
      2,
      1,
      2,
      2,
      2,
      1,
      2,
      2,
      2,
      2,
      2,
      2,
      1,
      2,
      2,
      2,
      1,
      2,
      2,
      1,
      2,
      2,
      1,
      0,
      2,
      2,
      2,
      0,
      2,
      1,
      1,
      0,
      1,
      1,
      2,
      2,
      2,
      1,
      1,
      2,
      2,
      0,
      0,
      2,
      0,
      1,
      2,
      1,
      1,
      0,
      1,
      2,
      1,
      2,
      0,
      2,
      2,
      0,
      0,
      0,
      2,
      0,
      2,
      2,
      0,
      2,
      2,
      2,
      2,
      1,
      2,
      2,
      2,
      2,
      2,
      1,
      1,
      1,
      2,
      1,
      2,
      0,
      2,
      2,
      0,
      2,
      2,
      2,
      2,
      1,
      2,
      0,
      2,
      2,
      0,
      2,
      2,
      2,
      0,
      2,
      2,
      2,
      1,
      1,
      2,
      2,
      2,
      2,
      2,
      2,
      2,
      1,
      2,
      2,
      2,
      2,
      2,
      1,
      1,
      1,
      0,
      2,
      2,
      1,
      2,
      2,
      0,
      2,
      0,
      1,
      2,
      1,
      1,
      2,
      0,
      0,
      2,
      2,
      1,
      2,
      2,
      2,
      2,
      2,
      0,
      2,
      2,
      2,
      2,
      2,
      1,
      1,
      2,
      2,
      0,
      2,
      2,
      1,
      2,
      2,
      0,
      1,
      2,
      2,
      2,
      1,
      0,
      0,
      2,
      2,
      1,
      2,
      2,
      2,
      2,
      0,
      1,
      2,
      2,
      1,
      0,
      0,
      2,
      1,
      1,
      2,
      1,
      2,
      1,
      0,
      2,
      1,
      2,
      2,
      2,
      1,
      2,
      2,
      2,
      1,
      2,
      2,
      1,
      0,
      1,
      1,
      2,
      1,
      2,
      2,
      2,
      2,
      2,
      2,
      1,
      0,
      0,
      0,
      2,
      2,
      2,
      2,
      2,
      2,
      2,
      1,
      0,
      2,
      2,
      0,
      2,
      1,
      1,
      2,
      0,
      2,
      2,
      2,
      0,
      2,
      2,
      2,
      1,
      2,
      2,
      1,
      1,
      1,
      2,
      0,
      2,
      0,
      2,
      1,
      1,
      2,
      1,
      0,
      2,
      0,
      0,
      2,
      2,
      1,
      2,
      2,
      0,
      1,
      2,
      1,
      2,
      1,
      2,
      2,
      2,
      2,
      2,
      0,
      0,
      2,
      2,
      2,
      1,
      2,
      2,
      1,
      2,
      0,
      1,
      1,
      0,
      2,
      0,
      0,
      2,
      1,
      0,
      2,
      2,
      2,
      2,
      2,
      2,
      2,
      0,
      1,
      2,
      2,
      1,
      1,
      2,
      1,
      1,
      2,
      1,
      1,
      1,
      2,
      2,
      2,
      1,
      2,
      1,
      0,
      2,
      1,
      1,
      2,
      2,
      2,
      0,
      0,
      2,
      0,
      2,
      1,
      2,
      2,
      0
    ],
    "y_prob": [
      [
        0.032591745898205196,
        0.031468883261743796,
        0.9359393708400511
      ],
      [
        0.009205276705276705,
        0.00207653710008743,
        0.9887181861946358
      ],
      [
        0.2979564043279159,
        0.0064362931234545175,
        0.6956073025486296
      ],
      [
        0.09133333333333332,
        0.49682786836819093,
        0.4118387982984757
      ],
      [
        0.014197374782972828,
        0.010147777178879613,
        0.9756548480381477
      ],
      [
        0.3008872440082364,
        0.21417545620890038,
        0.48493729978286315
      ],
      [
        0.03728698159362274,
        0.04091917824232048,
        0.9217938401640565
      ],
      [
        0.0030318878169977776,
        0.0028850526404065884,
        0.9940830595425959
      ],
      [
        0.03752086844734626,
        0.3784902589032689,
        0.5839888726493849
      ],
      [
        0.00993386334724902,
        0.0025995068476500276,
        0.9874666298051009
      ],
      [
        0.030208093539104922,
        0.9397448353849984,
        0.030047071075896513
      ],
      [
        0.4021615064666576,
        0.006666666666666666,
        0.5911718268666758
      ],
      [
        0.003432343234323432,
        0.006251011361434071,
        0.9903166454042426
      ],
      [
        0.8355663645043999,
        0.04440928895821114,
        0.12002434653738915
      ],
      [
        0.27000821482439136,
        0.6544911028513972,
        0.07550068232421174
      ],
      [
        0.0007052767052767053,
        0.0008825814663823898,
        0.9984121418283409
      ],
      [
        0.0032983508245877056,
        0.06803731753358416,
        0.9286643316418283
      ],
      [
        0.0006694915254237288,
        0.012262743958577207,
        0.9870677645159991
      ],
      [
        0.0,
        0.7717880711929324,
        0.22821192880706764
      ],
      [
        0.07604343434343433,
        0.0014934517113932187,
        0.9224631139451723
      ],
      [
        6.622516556291391e-05,
        0.9655826658312344,
        0.0343511090032026
      ],
      [
        0.04549495403540953,
        0.018666666666666665,
        0.9358383792979238
      ],
      [
        0.1800861651716843,
        0.1609395692836263,
        0.6589742655446897
      ],
      [
        0.004134433270423061,
        0.007931527212360347,
        0.9879340395172166
      ],
      [
        0.005066225165562915,
        0.9425766319772941,
        0.05235714285714286
      ],
      [
        0.16507009178560902,
        0.10199398220826791,
        0.732935926006123
      ],
      [
        0.010731245591936143,
        0.011759487864752166,
        0.977509266543312
      ],
      [
        0.04973611645891297,
        0.027497506646236056,
        0.922766376894851
      ],
      [
        0.22736266773820293,
        0.13693995797243277,
        0.6356973742893642
      ],
      [
        0.08344222181517827,
        3.937007874015748e-05,
        0.9165184081060812
      ],
      [
        0.38821571215289175,
        0.13417447798211557,
        0.4776098098649924
      ],
      [
        0.0005925409550365981,
        0.9600949325847898,
        0.03931252646017356
      ],
      [
        0.0495,
        0.3038927263212977,
        0.6466072736787022
      ],
      [
        0.03764046042948223,
        0.043093339436720585,
        0.919266200133797
      ],
      [
        0.030238095238095238,
        0.018637623470440807,
        0.9511242812914641
      ],
      [
        0.13535757854902158,
        0.8570197220644754,
        0.0076226993865030675
      ],
      [
        0.0873939484868734,
        0.00194515973273125,
        0.9106608917803957
      ],
      [
        0.00676923076923077,
        0.008037030897453607,
        0.9851937383333157
      ],
      [
        0.35044444444444445,
        0.5278650793650794,
        0.12169047619047621
      ],
      [
        0.09946116554071446,
        0.006223321123321124,
        0.8943155133359643
      ],
      [
        0.0007052767052767053,
        0.0016590922520489132,
        0.9976356310426745
      ],
      [
        0.476652022136623,
        0.49177298396838304,
        0.031574993894993894
      ],
      [
        0.6872784963358788,
        0.00614065934065934,
        0.3065808443234618
      ],
      [
        0.07099787069299265,
        0.15041233766233764,
        0.7785897916446696
      ],
      [
        0.06290055173270027,
        0.0005165883041598218,
        0.9365828599631401
      ],
      [
        0.03374927250074386,
        0.02387931533026284,
        0.9423714121689934
      ],
      [
        0.8394392376629218,
        0.009285714285714284,
        0.15127504805136383
      ],
      [
        0.012272229102976954,
        0.0018650370210373229,
        0.9858627338759861
      ],
      [
        0.05441380694820612,
        0.6814371210010173,
        0.2641490720507763
      ],
      [
        0.0006406406406406406,
        0.9708853663906555,
        0.028473992968703704
      ],
      [
        0.9778531578912488,
        0.0016845507611438252,
        0.020462291347607325
      ],
      [
        0.008209606497061065,
        0.8747882691702373,
        0.11700212433270138
      ],
      [
        0.004250435691878703,
        0.96451688582026,
        0.031232678487861484
      ],
      [
        0.0031336704643728872,
        0.004228016386855566,
        0.9926383131487715
      ],
      [
        0.01937095536292249,
        0.012985690162502506,
        0.9676433544745753
      ],
      [
        0.01916666666666667,
        0.3719008049345485,
        0.6089325283987849
      ],
      [
        0.015317460317460316,
        0.9692256194258746,
        0.01545692025666508
      ],
      [
        0.37004545454545457,
        0.5909300144300144,
        0.03902453102453102
      ],
      [
        0.4072449303503399,
        0.010311688311688312,
        0.5824433813379719
      ],
      [
        0.06575467944050105,
        0.04383538982714956,
        0.8904099307323493
      ],
      [
        0.6126864340135153,
        0.007857142857142856,
        0.37945642312934175
      ],
      [
        0.6475956629622038,
        0.028440380327246807,
        0.3239639567105492
      ],
      [
        0.002668209360246831,
        0.029653727781300394,
        0.9676780628584528
      ],
      [
        0.8566526586522112,
        0.008468468468468467,
        0.13487887287932046
      ],
      [
        0.03577871148459383,
        0.4828919731827157,
        0.48132931533269047
      ],
      [
        0.01275,
        0.21022513520800376,
        0.7770248647919964
      ],
      [
        0.02675,
        0.9137231525784157,
        0.05952684742158427
      ],
      [
        0.03245494300654262,
        0.8932252715906492,
        0.07431978540280815
      ],
      [
        0.9261086262999931,
        0.0005171152653167042,
        0.07337425843469009
      ],
      [
        0.03442626283045409,
        0.8419041088578807,
        0.1236696283116652
      ],
      [
        0.15304700854700853,
        0.08536126097948758,
        0.7615917304735038
      ],
      [
        0.004285714285714285,
        0.8361002239214923,
        0.159614061792793
      ],
      [
        0.005242883097494874,
        0.005364516277570568,
        0.9893926006249346
      ],
      [
        0.8088086886800282,
        0.02102574542059778,
        0.17016556589937415
      ],
      [
        0.03492287487773094,
        0.07291313517859037,
        0.8921639899436787
      ],
      [
        0.0030493207739985605,
        0.00942364532399841,
        0.9875270339020029
      ],
      [
        0.7526142538890628,
        0.02308521373006609,
        0.2243005323808712
      ],
      [
        0.9282633364969669,
        0.05542397767945213,
        0.016312685823580943
      ],
      [
        0.9530514339565221,
        0.037745023892198463,
        0.009203542151279376
      ],
      [
        0.03382703681129786,
        0.018110510226987123,
        0.948062452961715
      ],
      [
        0.6398197374561099,
        0.017113645970440447,
        0.34306661657344967
      ],
      [
        0.018729260935143287,
        0.2849625152342382,
        0.6963082238306184
      ],
      [
        0.37866334851895106,
        0.011489067415471581,
        0.6098475840655773
      ],
      [
        0.9253001862239555,
        0.05192161596467763,
        0.022778197811366686
      ],
      [
        0.0005605612581222337,
        0.006463746773780479,
        0.9929756919680972
      ],
      [
        0.01952607595056268,
        0.026539907166601737,
        0.9539340168828357
      ],
      [
        0.060204869226567086,
        0.011285487764598172,
        0.9285096430088349
      ],
      [
        0.009295412060370439,
        0.01037976887860489,
        0.9803248190610248
      ],
      [
        0.19161725414747874,
        0.5959682234851903,
        0.21241452236733088
      ],
      [
        0.11004256859658794,
        0.05217160015819866,
        0.8377858312452133
      ],
      [
        0.0659471596811763,
        0.0002354485101127065,
        0.933817391808711
      ],
      [
        0.10518117920024828,
        0.026225410984288763,
        0.8685934098154628
      ],
      [
        0.2212514789216578,
        0.022508111612762772,
        0.7562404094655794
      ],
      [
        0.006327784658532512,
        0.005780700339055078,
        0.9878915150024128
      ],
      [
        0.3370877453120831,
        0.6112089579846204,
        0.051703296703296694
      ],
      [
        0.1052980993035173,
        0.46417429568293445,
        0.43052760501354825
      ],
      [
        0.050558739315616996,
        0.8904961662841606,
        0.05894509440022229
      ],
      [
        0.004224501130137828,
        0.04165944772104632,
        0.9541160511488158
      ],
      [
        0.0025263157894736842,
        0.868356269164607,
        0.12911741504591925
      ],
      [
        0.12147324886652802,
        0.010446734806026738,
        0.8680800163274454
      ],
      [
        0.5424744094958526,
        0.4298738289323858,
        0.027651761571761573
      ],
      [
        0.015721761830895728,
        0.02586830569770769,
        0.9584099324713966
      ],
      [
        0.0010833333333333333,
        0.16689608870526837,
        0.8320205779613984
      ],
      [
        0.7211820369562081,
        0.0072421502476247,
        0.27157581279616744
      ],
      [
        0.0053584823297788,
        0.0006683132954702857,
        0.993973204374751
      ],
      [
        0.00824390243902439,
        0.2852817377328726,
        0.7064743598281032
      ],
      [
        0.010121951219512195,
        0.0009005114378851464,
        0.9889775373426026
      ],
      [
        0.2500322526523838,
        0.12496747872804745,
        0.6250002686195688
      ],
      [
        0.0175,
        0.6366696279195897,
        0.3458303720804105
      ],
      [
        0.1206404428904429,
        0.005508771929824561,
        0.8738507851797324
      ],
      [
        0.9074972630132596,
        0.01994568669388813,
        0.0725570502928521
      ],
      [
        0.024617059910662938,
        0.4751603986481556,
        0.5002225414411814
      ],
      [
        0.005451368078597445,
        0.058783974046174414,
        0.9357646578752282
      ],
      [
        0.9501509358770227,
        0.020135135135135138,
        0.029713928987842024
      ],
      [
        0.11394577189827983,
        0.006666666666666666,
        0.8793875614350536
      ],
      [
        0.00522574603978746,
        0.018153448375795415,
        0.9766208055844171
      ],
      [
        0.0136221601713405,
        0.08237450668219883,
        0.9040033331464608
      ],
      [
        0.6611895109319644,
        0.13771148152243354,
        0.20109900754560198
      ],
      [
        0.01752548429822535,
        0.12254167891418824,
        0.8599328367875865
      ],
      [
        0.04145617193729358,
        0.3435490991716547,
        0.6149947288910519
      ],
      [
        0.01284851249759893,
        0.04402823835764035,
        0.9431232491447608
      ],
      [
        0.0,
        0.8161525175645303,
        0.18384748243546956
      ],
      [
        0.05183333333333333,
        0.6673073271757483,
        0.2808593394909184
      ],
      [
        0.022257652818682597,
        0.05240867166149701,
        0.9253336755198205
      ],
      [
        0.010783972272900155,
        0.0035553428241042826,
        0.9856606849029954
      ],
      [
        0.02457440454648695,
        0.057441362205606736,
        0.9179842332479065
      ],
      [
        0.004158562563675095,
        0.015247147290586276,
        0.9805942901457386
      ],
      [
        0.002029838108785477,
        0.005147573079753206,
        0.9928225888114612
      ],
      [
        0.10223809523809523,
        0.025952380952380952,
        0.8718095238095238
      ],
      [
        0.003141025641025641,
        0.22781498955730076,
        0.7690439848016735
      ],
      [
        0.007480392156862744,
        0.9447429431756352,
        0.04777666466750213
      ],
      [
        0.006928472086026798,
        0.13657173461137048,
        0.8564997933026028
      ],
      [
        0.10893869628506174,
        0.11599328223432835,
        0.7750680214806102
      ],
      [
        0.024407401993384578,
        0.010013471823441665,
        0.9655791261831738
      ],
      [
        0.0995,
        0.030842105263157893,
        0.8696578947368423
      ],
      [
        0.01611618043195729,
        0.03413096057756525,
        0.9497528589904775
      ],
      [
        0.03469535429469204,
        0.9438989562911341,
        0.021405689414173947
      ],
      [
        0.019548624689001943,
        0.8142665125386854,
        0.16618486277231226
      ],
      [
        0.06437956482100782,
        0.9141576061892017,
        0.021462828989790562
      ],
      [
        0.9385163822120068,
        0.026976278957103698,
        0.03450733883088958
      ],
      [
        0.21518020795503315,
        0.021438351492797734,
        0.763381440552169
      ],
      [
        0.011952112488175879,
        0.009335045272689437,
        0.9787128422391348
      ],
      [
        0.008183290707587382,
        0.912092416593932,
        0.07972429269848025
      ],
      [
        0.0196069235899182,
        0.17425948635925487,
        0.806133590050827
      ],
      [
        0.1256825363556349,
        0.04085729028534201,
        0.8334601733590232
      ],
      [
        0.93318188506959,
        0.010299069561364645,
        0.05651904536904536
      ],
      [
        0.12021294173577778,
        0.09283226992114216,
        0.7869547883430803
      ],
      [
        0.9700008077294382,
        0.009476406731881186,
        0.020522785538680657
      ],
      [
        0.012537988776394728,
        0.8845110570160931,
        0.10295095420751216
      ],
      [
        0.008277235543025317,
        0.21611634433573584,
        0.7756064201212389
      ],
      [
        0.0007113864558854946,
        0.9767238811253776,
        0.02256473241873687
      ],
      [
        0.004138888888888889,
        0.6802378462181093,
        0.31562326489300174
      ],
      [
        0.007418041411381575,
        0.19042903311740883,
        0.8021529254712096
      ],
      [
        0.934820497226643,
        0.013227156182104117,
        0.051952346591252786
      ],
      [
        0.9461220258814353,
        0.00243198029801411,
        0.05144599382055077
      ],
      [
        0.14086971468074408,
        0.011868277901500492,
        0.8472620074177555
      ],
      [
        0.046886972147360956,
        0.016975262170708168,
        0.9361377656819311
      ],
      [
        0.01944254996684664,
        0.8912087071661052,
        0.08934874286704808
      ],
      [
        0.009166666666666667,
        0.20490271218325873,
        0.7859306211500745
      ],
      [
        0.009166666666666667,
        0.22191952827905262,
        0.7689138050542806
      ],
      [
        9.900990099009902e-05,
        0.0034274819496693653,
        0.9964735081493405
      ],
      [
        0.03877379426129426,
        0.004183342972816657,
        0.957042862765889
      ],
      [
        0.008064378539078565,
        0.05800973265273286,
        0.9339258888081889
      ],
      [
        0.7341206496383547,
        0.12300621241850751,
        0.14287313794313794
      ],
      [
        0.04841127981544457,
        0.053078578235120986,
        0.8985101419494345
      ],
      [
        0.03294647316132137,
        0.21808551048229063,
        0.7489680163563881
      ],
      [
        0.011566305860823998,
        0.01800829934172722,
        0.970425394797449
      ],
      [
        0.18524541593580185,
        0.20858512507753896,
        0.6061694589866593
      ],
      [
        0.011315520430272867,
        0.0011673881432687804,
        0.9875170914264584
      ],
      [
        0.006168789268127017,
        0.9744295997807442,
        0.019401610951128915
      ],
      [
        0.11525,
        0.8387261904761902,
        0.04602380952380953
      ],
      [
        0.02568016521482888,
        0.01180542621545987,
        0.9625144085697116
      ],
      [
        0.019914893977294866,
        0.01366652803680114,
        0.966418577985904
      ],
      [
        0.8378340519774343,
        0.0053125,
        0.15685344802256568
      ],
      [
        0.11329213103681188,
        0.037904761904761906,
        0.8488031070584262
      ],
      [
        0.008758416801895064,
        0.008235334093727082,
        0.9830062491043777
      ],
      [
        0.004627527847555251,
        0.9457444938204265,
        0.04962797833201807
      ],
      [
        0.01058758209835357,
        0.0036408756790579956,
        0.9857715422225884
      ],
      [
        0.008083333333333333,
        0.10747010026990678,
        0.8844465663967598
      ],
      [
        0.8654303340768961,
        0.10747682474273562,
        0.027092841180368178
      ],
      [
        0.008888888888888889,
        0.9172398303450935,
        0.0738712807660176
      ],
      [
        0.012166666666666668,
        0.20929907571538073,
        0.7785342576179525
      ],
      [
        0.0757550146213121,
        0.141163362242606,
        0.783081623136082
      ],
      [
        0.04976923076923077,
        0.00017543859649122806,
        0.9500553306342777
      ],
      [
        0.06551914724348498,
        0.9181475194231816,
        0.01633333333333333
      ],
      [
        0.8014826128215171,
        0.05847739174364525,
        0.14003999543483792
      ],
      [
        0.8969551157819775,
        0.04846309248086201,
        0.054581791737160545
      ],
      [
        0.006214186371741084,
        0.17361160914913717,
        0.8201742044791218
      ],
      [
        0.01211383893420119,
        0.2832387224767688,
        0.7046474385890298
      ],
      [
        0.0014175765169142653,
        0.9797709320021686,
        0.018811491480917156
      ],
      [
        0.014664757670012803,
        0.028452181710457772,
        0.9568830606195295
      ],
      [
        0.01577113694762207,
        0.024912896085515845,
        0.9593159669668624
      ],
      [
        0.007964285714285715,
        0.07470593923651625,
        0.917329775049198
      ],
      [
        0.0328125,
        0.4151755513699023,
        0.5520119486300976
      ],
      [
        0.6161130952380951,
        0.3798869047619048,
        0.004
      ],
      [
        0.025779028451664132,
        0.6863662199838333,
        0.2878547515645024
      ],
      [
        0.0039289184071339,
        0.010910587704118187,
        0.9851604938887479
      ],
      [
        0.02645130845130845,
        0.04466405414604264,
        0.9288846374026489
      ],
      [
        0.03178700438634213,
        0.9644629956136579,
        0.00375
      ],
      [
        0.9626570659185603,
        0.00466347347777146,
        0.032679460603668414
      ],
      [
        0.643051925198984,
        0.2250847855847856,
        0.13186328921623036
      ],
      [
        0.008222222222222221,
        0.0035925864530091628,
        0.9881851913247687
      ],
      [
        0.005666666666666666,
        0.5395061157513684,
        0.45482721758196504
      ],
      [
        0.30935314685314685,
        0.579185051060051,
        0.11146180208680208
      ],
      [
        0.06525178025337898,
        0.018648832755345422,
        0.9160993869912757
      ],
      [
        0.022088235294117648,
        0.8321363236927215,
        0.1457754410131607
      ],
      [
        0.013545180166244635,
        0.03895553868109517,
        0.9474992811526604
      ],
      [
        0.35376864768784905,
        0.6107601247784037,
        0.03547122753374729
      ],
      [
        0.4927866479925304,
        0.3406453350570998,
        0.1665680169503699
      ],
      [
        0.037049207691705124,
        0.001321301757016043,
        0.9616294905512788
      ],
      [
        0.037226190476190475,
        0.8288075396825398,
        0.13396626984126983
      ],
      [
        0.11915235701059534,
        0.1466009881838628,
        0.734246654805542
      ],
      [
        0.07098225328353791,
        0.02764603855258131,
        0.9013717081638807
      ],
      [
        0.010684618060610105,
        0.0012725169004171215,
        0.9880428650389732
      ],
      [
        0.029826193267636282,
        0.9463141576095567,
        0.023859649122807015
      ],
      [
        0.41443806324321436,
        0.017095238095238097,
        0.5684666986615475
      ],
      [
        0.05322909582243938,
        0.012236706090171834,
        0.9345341980873889
      ],
      [
        0.011203990456229695,
        0.017174472302846598,
        0.9716215372409239
      ],
      [
        0.24434364886794555,
        0.6602993638927143,
        0.09535698723934019
      ],
      [
        0.00015873015873015873,
        0.03902433248475519,
        0.9608169373565145
      ],
      [
        0.005833333333333334,
        0.3965785595614282,
        0.5975881071052385
      ],
      [
        0.34120563719905833,
        0.6587943628009418,
        0.0
      ],
      [
        0.6923153525674666,
        0.018632402894697978,
        0.2890522445378356
      ],
      [
        0.14995970695970695,
        0.4587234200984201,
        0.391316872941873
      ],
      [
        0.003333333333333333,
        0.9476640172692804,
        0.04900264939738624
      ],
      [
        0.00336493950494683,
        0.017857781148566777,
        0.9787772793464866
      ],
      [
        0.48992733627667406,
        0.503822663723326,
        0.00625
      ],
      [
        0.1272701351036227,
        0.15880681328191618,
        0.7139230516144611
      ],
      [
        0.0011711348122351007,
        0.016024026548640668,
        0.9828048386391244
      ],
      [
        0.0005555555555555556,
        0.02340549895923504,
        0.9760389454852094
      ],
      [
        0.03154609929078014,
        0.011244220439937266,
        0.9572096802692827
      ],
      [
        0.0015763318860376018,
        0.00549049042986051,
        0.992933177684102
      ],
      [
        0.03420494704752339,
        0.0011356359232074407,
        0.9646594170292692
      ],
      [
        0.012978313077650825,
        0.949076242477041,
        0.037945444445308285
      ],
      [
        0.831608389817883,
        0.10791300368077321,
        0.06047860650134373
      ],
      [
        0.5219263073886024,
        0.020364495765339642,
        0.4577091968460579
      ],
      [
        0.9057417494843673,
        0.0029212454390149735,
        0.09133700507661777
      ],
      [
        0.018125433000548634,
        0.01430904158370578,
        0.9675655254157456
      ],
      [
        0.08229761904761905,
        0.07991933737057574,
        0.8377830435818052
      ],
      [
        0.02150311099297352,
        0.0332548717847611,
        0.9452420172222658
      ],
      [
        0.033307059920332234,
        0.282027731937706,
        0.6846652081419619
      ],
      [
        0.07931169630299377,
        0.2563007565397605,
        0.6643875471572457
      ],
      [
        0.021252819429131157,
        0.037722545835415316,
        0.9410246347354536
      ],
      [
        0.007621067393036247,
        0.020610733185983457,
        0.9717681994209804
      ],
      [
        0.0016666666666666666,
        0.5720997743226846,
        0.42623355901064885
      ],
      [
        0.9131100323361193,
        0.02513513513513513,
        0.061754832528745564
      ],
      [
        0.049641070985455296,
        0.08434367313665941,
        0.8660152558778853
      ],
      [
        0.04269500638250638,
        0.0033256604013208024,
        0.9539793332161728
      ],
      [
        0.5056162234060685,
        0.023621284346186724,
        0.4707624922477447
      ],
      [
        0.024040754638315613,
        0.014521522470653922,
        0.9614377228910304
      ],
      [
        0.02202736196968266,
        0.9089035303211392,
        0.06906910770917808
      ],
      [
        0.11740549289891397,
        0.8656778404344194,
        0.016916666666666667
      ],
      [
        0.30429579934726836,
        0.009705523892685286,
        0.6859986767600464
      ],
      [
        0.7016417575415922,
        0.007092175444997446,
        0.2912660670134107
      ],
      [
        0.0006709053258267003,
        0.008522759747173723,
        0.9908063349269994
      ],
      [
        0.07246141127720408,
        0.08104640861153024,
        0.8464921801112656
      ],
      [
        0.034499996929784164,
        0.11655481233174411,
        0.8489451907384716
      ],
      [
        0.8284011632124018,
        0.01358466548144428,
        0.15801417130615403
      ],
      [
        0.011448856649560444,
        0.08492066169691595,
        0.9036304816535237
      ],
      [
        0.017166666666666667,
        0.4000316197080104,
        0.582801713625323
      ],
      [
        0.46365140089517576,
        0.06911687949008093,
        0.4672317196147433
      ],
      [
        0.2846309523809523,
        0.6809246031746033,
        0.034444444444444444
      ],
      [
        0.08413433458489779,
        0.3028528980540328,
        0.6130127673610695
      ],
      [
        0.020286276223776226,
        0.00021480867523138554,
        0.9794989151009923
      ],
      [
        0.07705952380952381,
        0.8164404761904762,
        0.1065
      ],
      [
        0.05657499615600754,
        0.8942191763786715,
        0.04920582746532079
      ],
      [
        0.3994290935672515,
        0.4535470969089391,
        0.14702380952380953
      ],
      [
        0.009071982845065642,
        0.0006476734605889647,
        0.9902803436943454
      ],
      [
        0.8571104316649248,
        0.08899633701410656,
        0.05389323132096855
      ],
      [
        0.030766785931332138,
        0.04460213669869361,
        0.9246310773699742
      ],
      [
        0.8807431030977051,
        0.020188110936312374,
        0.09906878596598231
      ],
      [
        0.015770282296161457,
        0.01674884484786187,
        0.9674808728559766
      ],
      [
        0.015226236849768022,
        0.9034654054052429,
        0.08130835774498889
      ],
      [
        0.06705952380952382,
        0.7388348530901723,
        0.19410562310030394
      ],
      [
        0.015525378336472788,
        0.2434523221447884,
        0.7410222995187387
      ],
      [
        0.13615506783045334,
        0.8058689297156337,
        0.05797600245391304
      ],
      [
        0.8232333152958151,
        0.09945337301587301,
        0.07731331168831168
      ],
      [
        0.23997662245824747,
        0.09043277031559023,
        0.6695906072261625
      ],
      [
        0.9507337920071771,
        0.012119443637213172,
        0.03714676435560975
      ],
      [
        0.7228121552776724,
        0.005622710622710623,
        0.2715651340996169
      ],
      [
        0.02126340292121677,
        0.364746693323542,
        0.6139899037552413
      ],
      [
        3.861003861003861e-05,
        0.0016590922520489132,
        0.9983022977093411
      ],
      [
        0.01041710235854537,
        0.9730094306842761,
        0.016573466957178346
      ],
      [
        0.00140656660412758,
        0.016787218590381778,
        0.9818062148054907
      ],
      [
        0.0021126538046912753,
        0.1699851082253757,
        0.8279022379699331
      ],
      [
        0.6708470205917014,
        0.0077179487179487175,
        0.3214350306903498
      ],
      [
        0.05037419312447635,
        0.9255108355672287,
        0.024114971308294916
      ],
      [
        0.3034300577762508,
        0.04300302370596786,
        0.6535669185177814
      ],
      [
        0.019254707281023072,
        0.8305800265335495,
        0.15016526618542747
      ],
      [
        0.0100677311716557,
        0.3755603729149763,
        0.6143718959133679
      ],
      [
        0.2145414230019493,
        0.7188055555555556,
        0.06665302144249513
      ],
      [
        0.02970341232652078,
        0.12512076559897645,
        0.8451758220745027
      ],
      [
        0.0007028612463395072,
        0.027309408167801155,
        0.9719877305858593
      ],
      [
        0.0010267383148974268,
        0.002373377966334627,
        0.9965998837187681
      ],
      [
        0.020671568627450978,
        0.2573118581851941,
        0.7220165731873546
      ],
      [
        0.13902814692617324,
        0.09853780137766313,
        0.7624340516961636
      ],
      [
        0.7478966413380842,
        0.24046233302089,
        0.011641025641025642
      ],
      [
        0.6957222222222224,
        0.2639444444444445,
        0.04033333333333333
      ],
      [
        0.0020633423143358908,
        0.007158916760508234,
        0.9907777409251558
      ],
      [
        0.07564119519512036,
        0.07523253545590301,
        0.8491262693489766
      ],
      [
        0.006864053254934943,
        0.08609805363242222,
        0.9070378931126427
      ],
      [
        0.011366798466136214,
        0.9757540918909505,
        0.012879109642913323
      ],
      [
        0.07064969059122263,
        0.029452886745037904,
        0.8998974226637393
      ],
      [
        0.03756746031746032,
        0.41422416226119374,
        0.548208377421346
      ],
      [
        0.0005263157894736842,
        0.799732258412186,
        0.19974142579834045
      ],
      [
        0.026595428362632033,
        0.464371348189908,
        0.50903322344746
      ],
      [
        0.8969832148549809,
        0.015760135135135137,
        0.08725665000988396
      ],
      [
        0.11725198412698411,
        0.7431765873015874,
        0.1395714285714286
      ],
      [
        0.0004508405501782985,
        0.9825115535144326,
        0.017037605935389187
      ],
      [
        0.6169104461714755,
        0.02150297619047619,
        0.3615865776380482
      ],
      [
        0.03305607465990637,
        0.05640225308629399,
        0.9105416722537999
      ],
      [
        0.6602474825011587,
        0.2336270155498096,
        0.10612550194903136
      ],
      [
        0.9131594066734717,
        0.07057174297721742,
        0.016268850349310686
      ],
      [
        0.030333333333333334,
        0.2191004021041615,
        0.7505662645625051
      ],
      [
        0.07090401458252743,
        0.7506486761181859,
        0.17844730929928665
      ],
      [
        0.8787442380946008,
        0.0872332342715394,
        0.03402252763385971
      ],
      [
        0.005,
        0.2725999923777257,
        0.7224000076222745
      ],
      [
        0.007363923592694244,
        0.02215732249992624,
        0.9704787539073795
      ],
      [
        0.031142700769244244,
        0.4595805885222213,
        0.5092767107085344
      ],
      [
        0.00915873015873016,
        0.0032117715124319133,
        0.987629498328838
      ],
      [
        0.40818706388815135,
        0.14044177977640754,
        0.4513711563354411
      ],
      [
        0.012904874515614274,
        0.003869730542365017,
        0.9832253949420208
      ],
      [
        0.007481134530314858,
        0.03956977707699485,
        0.9529490883926901
      ],
      [
        0.5862436713379477,
        0.3504964451626823,
        0.06325988349936994
      ],
      [
        0.0012200713194090679,
        0.9863030089802401,
        0.012476919700350713
      ],
      [
        0.07898432666689627,
        0.016473686569340742,
        0.9045419867637632
      ],
      [
        0.07383786352536353,
        0.02847500963948332,
        0.8976871268351532
      ],
      [
        0.034499999999999996,
        0.6938167386561012,
        0.2716832613438988
      ],
      [
        0.027428571428571424,
        0.5172643494612092,
        0.4553070791102193
      ],
      [
        0.0028831939163580424,
        0.01843871679703416,
        0.9786780892866076
      ],
      [
        0.05592027811744194,
        0.9305125780516107,
        0.01356714383094751
      ],
      [
        0.018818028028349754,
        0.9344143774541918,
        0.04676759451745836
      ],
      [
        0.011083333333333334,
        0.2502044557767933,
        0.7387122108898733
      ],
      [
        0.027376328717381458,
        0.8935594600864283,
        0.07906421119619038
      ],
      [
        0.057717241564582,
        0.47504970036996363,
        0.46723305806545445
      ],
      [
        0.06529546148296149,
        0.6750779930596815,
        0.25962654545735697
      ],
      [
        0.021652058587279442,
        0.020471596265538534,
        0.9578763451471821
      ],
      [
        0.01864384935618069,
        0.0020960856214410654,
        0.9792600650223785
      ],
      [
        0.0052691390869709495,
        0.001888481068355952,
        0.9928423798446733
      ],
      [
        0.010714285714285714,
        0.6505407355776872,
        0.3387449787080271
      ],
      [
        0.037000000000000005,
        0.0133205356241372,
        0.9496794643758629
      ],
      [
        0.042808081234393384,
        0.783225861064968,
        0.17396605770063847
      ],
      [
        0.8669592267026477,
        0.0702352893668683,
        0.06280548393048392
      ],
      [
        0.0,
        0.2901862282372083,
        0.7098137717627919
      ],
      [
        0.03351742919389978,
        0.927052466985159,
        0.03943010382094128
      ],
      [
        0.028332053802081206,
        0.8259045749829754,
        0.1457633712149432
      ],
      [
        0.029164522806391528,
        0.02891275813504834,
        0.9419227190585602
      ],
      [
        0.00025,
        0.19632329748189462,
        0.8034267025181054
      ],
      [
        0.024690476190476186,
        0.3741573115761376,
        0.6011522122333862
      ],
      [
        0.365961039791713,
        0.27840526644559366,
        0.3556336937626932
      ],
      [
        0.7312291920863653,
        0.02757068669388813,
        0.24120012121974654
      ],
      [
        0.0009156272037863158,
        0.018202089216828955,
        0.9808822835793848
      ],
      [
        0.8905940230893046,
        0.061450773783344986,
        0.047955203127350306
      ],
      [
        0.024129285953811284,
        0.26195470005893945,
        0.7139160139872494
      ],
      [
        0.07004641817516769,
        0.9105285438997945,
        0.019425037925037924
      ],
      [
        0.3146154071758775,
        0.0,
        0.6853845928241225
      ],
      [
        0.387683983311012,
        0.14393408920458595,
        0.46838192748440194
      ],
      [
        0.7076976922587218,
        0.027574404761904762,
        0.26472790297937354
      ]
    ],
    "y_true": [
      2,
      2,
      0,
      1,
      2,
      2,
      2,
      2,
      2,
      2,
      1,
      0,
      2,
      0,
      1,
      2,
      2,
      2,
      2,
      2,
      1,
      2,
      2,
