{
  "Random_Forest": {
    "y_pred": [
      2,
      0,
      2,
      2,
      1,
      2,
      0,
      1,
      0,
      0,
      1,
      0,
      2,
      0,
      1,
      1,
      0,
      1,
      1,
      1,
      2,
      2,
      2,
      1,
      1,
      0,
      1,
      1,
      1,
      1,
      0,
      2,
      2,
      2,
      1,
      1,
      0,
      2,
      2,
      1,
      1,
      2,
      2,
      2,
      0,
      1,
      0,
      1,
      1,
      2,
      1,
      2,
      1,
      2,
      0,
      1,
      2,
      2,
      1,
      2,
      2,
      1,
      0,
      1,
      0,
      0,
      2,
      2,
      2,
      0,
      1,
      2,
      1,
      1,
      1,
      0,
      2,
      1,
      1,
      0,
      1,
      0,
      0,
      2,
      0,
      2,
      2,
      1,
      0,
      0,
      1,
      2,
      1,
      2,
      0,
      1,
      0,
      2,
      2,
      2,
      0,
      1,
      2,
      2,
      2,
      0,
      1,
      0,
      2,
      1,
      2,
      0,
      0,
      2,
      0,
      0,
      0,
      1,
      2,
      1,
      0,
      1,
      2,
      0,
      2,
      1,
      1,
      1,
      1,
      0,
      2,
      0,
      2,
      2,
      1,
      2,
      1,
      2,
      2,
      2,
      1,
      2,
      0,
      1,
      2,
      1,
      2,
      2,
      1,
      2,
      2,
      1,
      2,
      2,
      0,
      2,
      2,
      2,
      1,
      0,
      1,
      0,
      2,
      2,
      1,
      1,
      2,
      2,
      1,
      0,
      0,
      1,
      2,
      2,
      2,
      1,
      2,
      0,
      0,
      1,
      1,
      0,
      1,
      2,
      1,
      1,
      2,
      1,
      0,
      0,
      2,
      2,
      0,
      2,
      1,
      2,
      1,
      0,
      2,
      0,
      2,
      0,
      0,
      2,
      2,
      2,
      1,
      0,
      2,
      1,
      2,
      2,
      2,
      0,
      2,
      2,
      2,
      1,
      2,
      1,
      2,
      2,
      1,
      0,
      1,
      0,
      1,
      0,
      2,
      2,
      2,
      0,
      0,
      2,
      1,
      2,
      1,
      0,
      0,
      2,
      1,
      1,
      2,
      0,
      1,
      0,
      0,
      0,
      2,
      2,
      1,
      0,
      2,
      2,
      1,
      0,
      0,
      2,
      2,
      1,
      0,
      0,
      1,
      1,
      0,
      1,
      2,
      2,
      2,
      1,
      2,
      2,
      2,
      2,
      1,
      2,
      0,
      2,
      0,
      1,
      0,
      1,
      1,
      1,
      0,
      1,
      2,
      1,
      2,
      1,
      0,
      1,
      0,
      1,
      0,
      2,
      2,
      1,
      0,
      2,
      1,
      0,
      2,
      0,
      0,
      2,
      1,
      1,
      2,
      2,
      2,
      0,
      1,
      0,
      2,
      1,
      1,
      2,
      2,
      2,
      2,
      2,
      1,
      0,
      2,
      1,
      2,
      2,
      0,
      2,
      0,
      0,
      2,
      2,
      1,
      0,
      0,
      1,
      1,
      0,
      1,
      0,
      0,
      1,
      1,
      0,
      1,
      2,
      2,
      2,
      1,
      1,
      2,
      2,
      0,
      1,
      1,
      2
    ],
    "y_prob": [
      [
        0.46835443317096626,
        0.061059509119488695,
        0.47058605770954487
      ],
      [
        0.865960982985416,
        0.022667099429954374,
        0.11137191758462936
      ],
      [
        0.03300055914780548,
        0.043628596302878915,
        0.9233708445493153
      ],
      [
        0.03883246965668814,
        0.0867776876611667,
        0.8743898426821453
      ],
      [
        0.005790036557899681,
        0.9237705339416794,
        0.07043942950042074
      ],
      [
        0.14921653604092064,
        0.08117897352923766,
        0.7696044904298417
      ],
      [
        0.9439763982480005,
        0.022025641671762086,
        0.03399796008023758
      ],
      [
        0.15198070685663911,
        0.6510385656845404,
        0.19698072745882036
      ],
      [
        0.7716258148231706,
        0.11221201046492531,
        0.11616217471190417
      ],
      [
        0.5851801166715195,
        0.05869171361358169,
        0.35612816971489886
      ],
      [
        0.06401806946448055,
        0.7986458025582291,
        0.1373361279772906
      ],
      [
        0.8578874233352808,
        0.08607523678930877,
        0.05603733987541025
      ],
      [
        0.03651220307058222,
        0.07252322636817327,
        0.8909645705612443
      ],
      [
        0.4937945432522646,
        0.40722320595221717,
        0.09898225079551812
      ],
      [
        0.06581450276049751,
        0.6459037214559765,
        0.28828177578352615
      ],
      [
        0.23104835068843768,
        0.4168298720183114,
        0.3521217772932512
      ],
      [
        0.7163219250910116,
        0.06448563320216583,
        0.21919244170682273
      ],
      [
        0.040340754403254415,
        0.7129652347112213,
        0.24669401088552434
      ],
      [
        0.017547218993357684,
        0.9419677075773848,
        0.040485073429257765
      ],
      [
        0.12949139896287978,
        0.774745724461873,
        0.09576287657524739
      ],
      [
        0.04880661035851553,
        0.033239517860026956,
        0.9179538717814577
      ],
      [
        0.10180341439638876,
        0.09226873509860745,
        0.8059278505050034
      ],
      [
        0.023097287318165117,
        0.018897888220423962,
        0.9580048244614108
      ],
      [
        0.0194600133497457,
        0.9437406118478857,
        0.03679937480236852
      ],
      [
        0.030941543120139112,
        0.9109474363883939,
        0.058111020491466964
      ],
      [
        0.9189829511972911,
        0.015948834074860377,
        0.06506821472784863
      ],
      [
        0.19524468316770946,
        0.4522181497467102,
        0.35253716708558036
      ],
      [
        0.005910923960709631,
        0.7705330811782118,
        0.2235559948610787
      ],
      [
        0.3093769947267883,
        0.646074027433793,
        0.04454897783941902
      ],
      [
        0.014240909103711251,
        0.7923519725007214,
        0.19340711839556707
      ],
      [
        0.5515842354688872,
        0.150676900664598,
        0.2977388638665145
      ],
      [
        0.028549496279895878,
        0.0630181757171691,
        0.9084323280029354
      ],
      [
        0.03939100426718345,
        0.04226535821535864,
        0.9183436375174578
      ],
      [
        0.43881167712620855,
        0.0772791370930132,
        0.48390918578077796
      ],
      [
        0.03887955873564298,
        0.8721530228027865,
        0.08896741846157064
      ],
      [
        0.011566893430273006,
        0.7516456357747004,
        0.23678747079502638
      ],
      [
        0.48861639657560957,
        0.030349751002884045,
        0.48103385242150637
      ],
      [
        0.28345248735347073,
        0.3014103374589133,
        0.4151371751876163
      ],
      [
        0.12257051222027052,
        0.06759347148907917,
        0.80983601629065
      ],
      [
        0.020130605098370676,
        0.8890543986394357,
        0.09081499626219353
      ],
      [
        0.021118894993894997,
        0.5474443817851559,
        0.4314367232209493
      ],
      [
        0.27166376067790254,
        0.03654694931303489,
        0.6917892900090625
      ],
      [
        0.008997722140487645,
        0.022573238277506166,
        0.9684290395820062
      ],
      [
        0.2800730927677116,
        0.30993418303341636,
        0.40999272419887217
      ],
      [
        0.8974354739787629,
        0.012355790225655949,
        0.09020873579558128
      ],
      [
        0.012465665506642423,
        0.9358591088028312,
        0.0516752256905266
      ],
      [
        0.815690149949125,
        0.030385687822356698,
        0.1539241622285181
      ],
      [
        0.06456255986957486,
        0.5235449401770641,
        0.4118924999533611
      ],
      [
        0.040742087724482096,
        0.8171746139639627,
        0.14208329831155547
      ],
      [
        0.05695268464547116,
        0.0956613980087781,
        0.8473859173457505
      ],
      [
        0.19776384107732314,
        0.4905372329850786,
        0.3116989259375985
      ],
      [
        0.033228958065438755,
        0.10028774604370057,
        0.8664832958908605
      ],
      [
        0.15902010763366742,
        0.8139558802732416,
        0.02702401209309104
      ],
      [
        0.09560532662805793,
        0.27040054212439146,
        0.6339941312475504
      ],
      [
        0.8433789302385424,
        0.025256571336096236,
        0.13136449842536124
      ],
      [
        0.03437692903258991,
        0.8407544968117677,
        0.12486857415564198
      ],
      [
        0.12137487429101182,
        0.3581008175942882,
        0.5205243081147002
      ],
      [
        0.4023317581997846,
        0.11235058424197496,
        0.4853176575582405
      ],
      [
        0.16513567084587652,
        0.802308892534502,
        0.03255543661962156
      ],
      [
        0.018215913471847117,
        0.035844917999161716,
        0.9459391685289912
      ],
      [
        0.10054972873315472,
        0.04323347637676999,
        0.8562167948900752
      ],
      [
        0.005234899260771888,
        0.8577026070184326,
        0.13706249372079576
      ],
      [
        0.6264880295731777,
        0.08544257352265815,
        0.2880693969041643
      ],
      [
        0.10134848303447203,
        0.6428750107364558,
        0.25577650622907233
      ],
      [
        0.9477323569552695,
        0.014289627780357759,
        0.03797801526437286
      ],
      [
        0.8659355944646115,
        0.02042149541536683,
        0.11364291012002153
      ],
      [
        0.03441769278678648,
        0.08838360064301876,
        0.8771987065701946
      ],
      [
        0.041847711925718636,
        0.041813859496726696,
        0.9163384285775547
      ],
      [
        0.04299263302331388,
        0.11133992417360662,
        0.8456674428030793
      ],
      [
        0.5793635369545183,
        0.2185252105125269,
        0.20211125253295478
      ],
      [
        0.23755268541381977,
        0.48558306360872855,
        0.27686425097745176
      ],
      [
        0.14391616887868738,
        0.32857328131969576,
        0.5275105498016172
      ],
      [
        0.02354669562226368,
        0.9081845012967011,
        0.0682688030810357
      ],
      [
        0.08214674339957666,
        0.485361310969003,
        0.4324919456314206
      ],
      [
        0.058681976337739236,
        0.8826953650614492,
        0.05862265860081178
      ],
      [
        0.8474026836007288,
        0.07136298133799852,
        0.08123433506127259
      ],
      [
        0.09865983010338367,
        0.05344038765018227,
        0.847899782246434
      ],
      [
        0.03320323384861559,
        0.8577485934132855,
        0.10904817273809889
      ],
      [
        0.06671187260741789,
        0.8212636408220135,
        0.11202448657056849
      ],
      [
        0.8596396192915651,
        0.03462340106660271,
        0.1057369796418318
      ],
      [
        0.02569133944929872,
        0.9216897555850333,
        0.052618904965667984
      ],
      [
        0.8832009920765042,
        0.07739449689771451,
        0.03940451102578136
      ],
      [
        0.49054287549148123,
        0.028361336539277714,
        0.48109578796924096
      ],
      [
        0.09160466145542195,
        0.3498436807363497,
        0.5585516578082288
      ],
      [
        0.9388279817880584,
        0.01872086049076198,
        0.04245115772117965
      ],
      [
        0.04874372053700474,
        0.203680746893852,
        0.7475755325691427
      ],
      [
        0.07139573993249568,
        0.23010896978171336,
        0.6984952902857909
      ],
      [
        0.024041830300162118,
        0.8329855456092207,
        0.14297262409061717
      ],
      [
        0.7018791663984727,
        0.030533425032958993,
        0.26758740856856833
      ],
      [
        0.5559478395816447,
        0.09544888167362191,
        0.3486032787447331
      ],
      [
        0.09981702018069055,
        0.8516112227096468,
        0.04857175710966268
      ],
      [
        0.08222401079152436,
        0.14037837087540964,
        0.7773976183330658
      ],
      [
        0.30655209515005816,
        0.6615476898602534,
        0.03190021498968867
      ],
      [
        0.08254219792542358,
        0.39262589669881026,
        0.5248319053757665
      ],
      [
        0.9070597426298872,
        0.05340491634757837,
        0.03953534102253454
      ],
      [
        0.0087999869157149,
        0.8125440903809329,
        0.1786559227033525
      ],
      [
        0.6332633664317372,
        0.1916435331655395,
        0.1750931004027231
      ],
      [
        0.4375429708037011,
        0.03481864129070916,
        0.5276383879055897
      ],
      [
        0.24688325179974652,
        0.06718957641245474,
        0.6859271717877985
      ],
      [
        0.16027375285104142,
        0.14124882346775752,
        0.6984774236812008
      ],
      [
        0.9231905573801881,
        0.03510530306675694,
        0.04170413955305512
      ],
      [
        0.0197500911089028,
        0.9248280782038755,
        0.05542183068722199
      ],
      [
        0.014534421051896928,
        0.061158296819773084,
        0.92430728212833
      ],
      [
        0.06140250017485327,
        0.3185070783841491,
        0.6200904214409977
      ],
      [
        0.14778258556846166,
        0.11672872723625438,
        0.7354886871952842
      ],
      [
        0.645372992190611,
        0.3229122160296994,
        0.03171479177968948
      ],
      [
        0.07565668555136064,
        0.8864330696015912,
        0.0379102448470481
      ],
      [
        0.6281866125383039,
        0.23934724658286644,
        0.13246614087882982
      ],
      [
        0.30719500304271546,
        0.0153010323010323,
        0.6775039646562522
      ],
      [
        0.02844047907333375,
        0.8442627389253946,
        0.1272967820012715
      ],
      [
        0.026248349705550705,
        0.05186879494024347,
        0.921882855354206
      ],
      [
        0.7836858646479367,
        0.08496423359474671,
        0.13134990175731687
      ],
      [
        0.8466856012218997,
        0.13090812172182287,
        0.022406277056277055
      ],
      [
        0.023638032422204747,
        0.37759796550095187,
        0.5987640020768433
      ],
      [
        0.8672155250391685,
        0.04862130511758615,
        0.08416316984324534
      ],
      [
        0.9462124821420054,
        0.036266668114221086,
        0.017520849743773555
      ],
      [
        0.8720298199909383,
        0.01588790552154701,
        0.11208227448751491
      ],
      [
        0.043995239749309946,
        0.8995603378611357,
        0.05644442238955473
      ],
      [
        0.15543537611948277,
        0.08570979053685578,
        0.7588548333436617
      ],
      [
        0.11542377696803166,
        0.48987756889494144,
        0.39469865413702715
      ],
      [
        0.7097970152856604,
        0.24134821895223876,
        0.048854765762100814
      ],
      [
        0.28468617131924057,
        0.45671681817014304,
        0.2585970105106163
      ],
      [
        0.18164878930407094,
        0.35905677301722977,
        0.45929443767869943
      ],
      [
        0.7146354359241615,
        0.04310010733609132,
        0.24226445673974747
      ],
      [
        0.022787005913290758,
        0.1723583388600551,
        0.8048546552266541
      ],
      [
        0.013270401360705439,
        0.9583019887327708,
        0.028427609906523696
      ],
      [
        0.010114376049183733,
        0.9218847410719404,
        0.06800088287887573
      ],
      [
        0.046333725257795166,
        0.909833864222676,
        0.043832410519528756
      ],
      [
        0.04565018295322691,
        0.8464660224687597,
        0.10788379457801361
      ],
      [
        0.5422366980658524,
        0.06163900102198545,
        0.3961243009121621
      ],
      [
        0.10841105930106253,
        0.12941196430705312,
        0.7621769763918844
      ],
      [
        0.41304755345213273,
        0.24277099651628217,
        0.34418145003158535
      ],
      [
        0.10214146911913087,
        0.029073163279535474,
        0.8687853676013337
      ],
      [
        0.016545201017066885,
        0.031453610605163815,
        0.9520011883777688
      ],
      [
        0.004324959161064401,
        0.9608289968830621,
        0.03484604395587368
      ],
      [
        0.05421712960594118,
        0.05675183876702482,
        0.889031031627034
      ],
      [
        0.02219195962184522,
        0.8560596077941892,
        0.12174843258396496
      ],
      [
        0.16865846558412156,
        0.3689157184916072,
        0.4624258159242711
      ],
      [
        0.21241075816189928,
        0.0598147798883119,
        0.7277744619497889
      ],
      [
        0.06758798205102762,
        0.1957217018917443,
        0.7366903160572281
      ],
      [
        0.05231106059898431,
        0.6991969514513676,
        0.248491987949648
      ],
      [
        0.029135176454290736,
        0.15466270820794287,
        0.8162021153377661
      ],
      [
        0.744475449782217,
        0.141792845997223,
        0.1137317042205598
      ],
      [
        0.08030822821785585,
        0.5189805838268883,
        0.40071118795525607
      ],
      [
        0.09616955387310652,
        0.37112630888478626,
        0.5327041372421073
      ],
      [
        0.275601102729288,
        0.44100819631453647,
        0.2833907009561759
      ],
      [
        0.10085180262334607,
        0.03441966961092371,
        0.8647285277657302
      ],
      [
        0.027560036389462316,
        0.05244080223174209,
        0.9199991613787957
      ],
      [
        0.011073040434742562,
        0.8218676328929689,
        0.16705932667228868
      ],
      [
        0.12945549910334253,
        0.10479016110604449,
        0.7657543397906129
      ],
      [
        0.2808494203899294,
        0.13959740651864183,
        0.579553173091429
      ],
      [
        0.03549463541682916,
        0.8370562298802617,
        0.12744913470290892
      ],
      [
        0.04674773899492807,
        0.0651914218747843,
        0.8880608391302874
      ],
      [
        0.09005417876091451,
        0.1352463705554453,
        0.7746994506836404
      ],
      [
        0.8804015283233616,
        0.04463679892841291,
        0.07496167274822582
      ],
      [
        0.2302535300053974,
        0.04813108223374662,
        0.7216153877608558
      ],
      [
        0.16259762535601205,
        0.04679022792903551,
        0.7906121467149522
      ],
      [
        0.012695481508116049,
        0.022618361424653864,
        0.96468615706723
      ],
      [
        0.01820645668797087,
        0.748635455791609,
        0.23315808752042044
      ],
      [
        0.788919090506509,
        0.06940952134300421,
        0.14167138815048694
      ],
      [
        0.21438693554522015,
        0.7677681677579098,
        0.01784489669687038
      ],
      [
        0.5263537059967995,
        0.420416249583316,
        0.05323004441988441
      ],
      [
        0.01427433471076344,
        0.04718216074017456,
        0.9385435045490618
      ],
      [
        0.2889467106118701,
        0.024619132643429315,
        0.6864341567447003
      ],
      [
        0.04271165996453199,
        0.9117205747103861,
        0.045567765325082076
      ],
      [
        0.043825403766336965,
        0.8689261344184238,
        0.08724846181523924
      ],
      [
        0.01693843977397148,
        0.029271476672424437,
        0.9537900835536043
      ],
      [
        0.10318416954937983,
        0.37382333544273716,
        0.522992495007883
      ],
      [
        0.014364428699955018,
        0.6475561336261869,
        0.33807943767385823
      ],
      [
        0.9116328557657296,
        0.04792576730209583,
        0.040441376932174464
      ],
      [
        0.9084344845942983,
        0.022384429293663924,
        0.06918108611203783
      ],
      [
        0.045638033870425664,
        0.8314498539344298,
        0.1229121121951442
      ],
      [
        0.01626105863833191,
        0.06614123377185646,
        0.9175977075898115
      ],
      [
        0.2907690704955705,
        0.04729015752407911,
        0.6619407719803502
      ],
      [
        0.06563231856953558,
        0.05516402630986243,
        0.8792036551206021
      ],
      [
        0.1378093768782371,
        0.5508715551230052,
        0.3113190679987577
      ],
      [
        0.02438556149586579,
        0.04667021792904106,
        0.9289442205750933
      ],
      [
        0.6785562767934111,
        0.08872741934626525,
        0.23271630386032366
      ],
      [
        0.6093547380782894,
        0.165686968910961,
        0.22495829301074935
      ],
      [
        0.2890331267908828,
        0.5122460926777588,
        0.19872078053135833
      ],
      [
        0.29181387477679066,
        0.6652473065655077,
        0.04293881865770163
      ],
      [
        0.9198962034069471,
        0.03216030623975296,
        0.04794349035330006
      ],
      [
        0.03093606956609739,
        0.8749957739108261,
        0.09406815652307651
      ],
      [
        0.18360333473172144,
        0.348247397833099,
        0.4681492674351795
      ],
      [
        0.027902178093838978,
        0.9246244245251117,
        0.04747339738104903
      ],
      [
        0.06381894000888422,
        0.5463343239075755,
        0.3898467360835402
      ],
      [
        0.023585584119933157,
        0.13807022975215896,
        0.8383441861279078
      ],
      [
        0.032758094700280245,
        0.9319390726728681,
        0.03530283262685137
      ],
      [
        0.45468276011413034,
        0.12183712769226082,
        0.4234801121936087
      ],
      [
        0.7739111376379344,
        0.09124162735597548,
        0.1348472350060901
      ],
      [
        0.2732482753109041,
        0.033673722063969756,
        0.6930780026251262
      ],
      [
        0.035561923312067235,
        0.07765552818152371,
        0.8867825485064087
      ],
      [
        0.8850550050949815,
        0.08564482277094157,
        0.02930017213407711
      ],
      [
        0.07710608799823661,
        0.4385713011228443,
        0.48432261087891915
      ],
      [
        0.01614027725754994,
        0.8990596488061141,
        0.08480007393633626
      ],
      [
        0.06579460732007128,
        0.33653028201676166,
        0.5976751106631669
      ],
      [
        0.01700918640134941,
        0.6301435349322165,
        0.35284727866643434
      ],
      [
        0.7384705488780683,
        0.05252345391841434,
        0.20900599720351715
      ],
      [
        0.03384237900297997,
        0.03409381386892277,
        0.9320638071280973
      ],
      [
        0.5850241368821737,
        0.10814735726972517,
        0.3068285058481007
      ],
      [
        0.026855876725680208,
        0.18812396306814638,
        0.7850201602061737
      ],
      [
        0.904451661014116,
        0.027833912106441972,
        0.06771442687944186
      ],
      [
        0.5235582125880907,
        0.05986817097568399,
        0.41657361643622504
      ],
      [
        0.010848783491252244,
        0.03879410780583371,
        0.9503571087029137
      ],
      [
        0.2654192021058018,
        0.11910768689474621,
        0.615473110999452
      ],
      [
        0.22156679917472638,
        0.3022677657110329,
        0.476165435114241
      ],
      [
        0.09611402102378355,
        0.7243583747435979,
        0.17952760423261843
      ],
      [
        0.8327925711796579,
        0.0648533079048841,
        0.10235412091545823
      ],
      [
        0.042166592928214744,
        0.06470471214495173,
        0.893128694926833
      ],
      [
        0.4698412661686958,
        0.5145955689117563,
        0.015563164919547895
      ],
      [
        0.05810247853812886,
        0.06631497988914378,
        0.8755825415727272
      ],
      [
        0.01528271789330797,
        0.01906937265349735,
        0.9656479094531945
      ],
      [
        0.018649680997427795,
        0.1195681168564638,
        0.8617822021461083
      ],
      [
        0.5417013086941372,
        0.1640282346452979,
        0.29427045666056506
      ],
      [
        0.012600205648862266,
        0.4691398286902924,
        0.5182599656608453
      ],
      [
        0.07526516225136244,
        0.08567239174851153,
        0.8390624460001258
      ],
      [
        0.37867130334031024,
        0.12618320209110911,
        0.49514549456858103
      ],
      [
        0.004867954544872435,
        0.6812068890426349,
        0.31392515641249275
      ],
      [
        0.2805920489225969,
        0.10149078228813839,
        0.6179171687892647
      ],
      [
        0.01211989173787808,
        0.9645310259825591,
        0.023349082279563053
      ],
      [
        0.04247401194545846,
        0.054461619490318254,
        0.9030643685642237
      ],
      [
        0.15560971318366262,
        0.4093876830989547,
        0.43500260371738286
      ],
      [
        0.43290488595070054,
        0.4886300697902813,
        0.07846504425901835
      ],
      [
        0.8708310719669571,
        0.07002803266026561,
        0.059140895372777516
      ],
      [
        0.39218493208922156,
        0.5641016773469402,
        0.04371339056383805
      ],
      [
        0.6424362084242888,
        0.02436465003992426,
        0.3331991415357867
      ],
      [
        0.0230511729500479,
        0.8086774268017379,
        0.16827140024821433
      ],
      [
        0.7358794435302378,
        0.03722543427987137,
        0.2268951221898909
      ],
      [
        0.14857701579699978,
        0.05306537993695684,
        0.7983576042660431
      ],
      [
        0.36486361592546274,
        0.037323044708914274,
        0.5978133393656232
      ],
      [
        0.10162745934586931,
        0.07258302976404707,
        0.8257895108900839
      ],
      [
        0.7926903334377432,
        0.09112693029828278,
        0.1161827362639741
      ],
      [
        0.9034488798440009,
        0.060965599846185665,
        0.035585520309813455
      ],
      [
        0.07067312029269628,
        0.2673733926501441,
        0.6619534870571597
      ],
      [
        0.283263934857575,
        0.6171775993947731,
        0.09955846574765197
      ],
      [
        0.031133725803830548,
        0.14818246224250295,
        0.8206838119536664
      ],
      [
        0.06524038096891563,
        0.8453115616510835,
        0.08944805738000097
      ],
      [
        0.7725372797424944,
        0.058425722392627416,
        0.16903699786487844
      ],
      [
        0.5541757921648636,
        0.1956377454262575,
        0.25018646240887876
      ],
      [
        0.285630817340218,
        0.07404492892728186,
        0.6403242537325002
      ],
      [
        0.06362216879854397,
        0.9054541168940591,
        0.030923714307397182
      ],
      [
        0.06831124140012639,
        0.7923052372946929,
        0.13938352130518092
      ],
      [
        0.05645021253295538,
        0.040797982605147116,
        0.9027518048618974
      ],
      [
        0.496056530532448,
        0.11466598396092775,
        0.3892774855066243
      ],
      [
        0.2670783590196753,
        0.44823400300115024,
        0.28468763797917435
      ],
      [
        0.6920080850140673,
        0.2189522299070302,
        0.08903968507890248
      ],
      [
        0.9393011421943668,
        0.01237228073276448,
        0.04832657707286867
      ],
      [
        0.9295836556820884,
        0.009087640276007206,
        0.06132870404190452
      ],
      [
        0.02246977009974394,
        0.03449304318456714,
        0.9430371867156886
      ],
      [
        0.050318529361078716,
        0.07644927473249032,
        0.8732321959064309
      ],
      [
        0.08138026501176383,
        0.6829966619919676,
        0.23562307299626814
      ],
      [
        0.4059957279786064,
        0.3763535730694384,
        0.21765069895195538
      ],
      [
        0.07215643813226431,
        0.25311952487589406,
        0.6747240369918417
      ],
      [
        0.0576636271117327,
        0.14777540714749107,
        0.7945609657407764
      ],
      [
        0.03309548665942109,
        0.6332100044057417,
        0.33369450893483693
      ],
      [
        0.8576382080158589,
        0.05370680115906043,
        0.08865499082508035
      ],
      [
        0.7630914900620084,
        0.03762281492572562,
        0.19928569501226587
      ],
      [
        0.1811765191404415,
        0.04788685494164592,
        0.7709366259179123
      ],
      [
        0.13309002898776437,
        0.26740321756231905,
        0.5995067534499166
      ],
      [
        0.31816737743453694,
        0.6365509753896728,
        0.045281647175790175
      ],
      [
        0.7453908716158466,
        0.08007994645841972,
        0.17452918192573322
      ],
      [
        0.6560544930021968,
        0.20820476064807353,
        0.1357407463497296
      ],
      [
        0.01783328171564809,
        0.8519740566416263,
        0.13019266164272564
      ],
      [
        0.18271697446119353,
        0.5038593827760145,
        0.3134236427627923
      ],
      [
        0.7672379312568176,
        0.1825196447764308,
        0.05024242396675156
      ],
      [
        0.024705203322950516,
        0.5303770390551602,
        0.4449177576218893
      ],
      [
        0.03432404185250296,
        0.21581977827714133,
        0.7498561798703554
      ],
      [
        0.042132823520746134,
        0.13887113879583624,
        0.8189960376834172
      ],
      [
        0.055668377149899625,
        0.07719506631748313,
        0.8671365565326172
      ],
      [
        0.07219472732028423,
        0.8305080079207121,
        0.09729726475900322
      ],
      [
        0.18871723307753124,
        0.14646004409784047,
        0.6648227228246284
      ],
      [
        0.047952965124074695,
        0.03805949537971822,
        0.9139875394962073
      ],
      [
        0.04419611301175501,
        0.2955984217542481,
        0.6602054652339967
      ],
      [
        0.09850480460502835,
        0.3915882711072352,
        0.5099069242877363
      ],
      [
        0.04750944114176278,
        0.9135849835603257,
        0.03890557529791155
      ],
      [
        0.248331987887904,
        0.10723855711953086,
        0.6444294549925652
      ],
      [
        0.7405068379332279,
        0.06848738970657972,
        0.19100577236019248
      ],
      [
        0.0784726054809821,
        0.13064937980067262,
        0.7908780147183453
      ],
      [
        0.5865894286578134,
        0.16909341558697297,
        0.2443171557552135
      ],
      [
        0.07432836924598285,
        0.9099938915868413,
        0.01567773916717611
      ],
      [
        0.6029205020179345,
        0.03691936480716603,
        0.3601601331748995
      ],
      [
        0.08910864174675287,
        0.8905924889253335,
        0.020298869327913905
      ],
      [
        0.06722714665987206,
        0.5883545642165895,
        0.3444182891235388
      ],
      [
        0.17748728701475872,
        0.7897187833768384,
        0.03279392960840329
      ],
      [
        0.905675037466109,
        0.03147297774666298,
        0.062851984787228
      ],
      [
        0.1263562017851774,
        0.847800583000918,
        0.02584321521390487
      ],
      [
        0.15565465237347978,
        0.3489450171812255,
        0.4954003304452945
      ],
      [
        0.011196123321123321,
        0.6702510968068208,
        0.31855277987205566
      ],
      [
        0.03133994333743114,
        0.2750755048767345,
        0.6935845517858342
      ],
      [
        0.12512088658013326,
        0.6321248437959098,
        0.24275426962395702
      ],
      [
        0.46851871617568697,
        0.09146606164016813,
        0.4400152221841449
      ],
      [
        0.05286886940561289,
        0.5027078507174116,
        0.44442327987697566
      ],
      [
        0.6439351914246447,
        0.13245690694445908,
        0.22360790163089597
      ],
      [
        0.09423728605671743,
        0.6823477747902962,
        0.2234149391529865
      ],
      [
        0.8935582903361551,
        0.09947490464418765,
        0.006966805019657678
      ],
      [
        0.19905178949132107,
        0.37266898351763655,
        0.42827922699104237
      ],
      [
        0.018461107369988544,
        0.07247558721974706,
        0.9090633054102643
      ],
      [
        0.1644480594574275,
        0.8090363483131641,
        0.026515592229408014
      ],
      [
        0.6322029654743835,
        0.15035917511385002,
        0.21743785941176647
      ],
      [
        0.053543034140742476,
        0.08560128381488452,
        0.8608556820443729
      ],
      [
        0.02390517435785961,
        0.9605812060156252,
        0.015513619626515353
      ],
      [
        0.7234137063324272,
        0.1896324999650918,
        0.08695379370248112
      ],
      [
        0.4141417159383156,
        0.018292677528616894,
        0.5675656065330673
      ],
      [
        0.8633536226110669,
        0.046872455640612515,
        0.0897739217483205
      ],
      [
        0.7665021814224713,
        0.04466327607086084,
        0.1888345425066681
      ],
      [
        0.267695424000275,
        0.21966594043273757,
        0.5126386355669874
      ],
      [
        0.006720593128060597,
        0.9610749294951486,
        0.032204477376790774
      ],
      [
        0.20605436875463956,
        0.576768023300938,
        0.21717760794442248
      ],
      [
        0.038225653560893386,
        0.46693796801951415,
        0.4948363784195926
      ],
      [
        0.08042915209416122,
        0.08299843857747628,
        0.8365724093283623
      ],
      [
        0.12827393300940793,
        0.35727005406956686,
        0.5144560129210253
      ],
      [
        0.8948028000062378,
        0.02844303550485856,
        0.07675416448890343
      ],
      [
        0.04020674214584143,
        0.7588529890832156,
        0.20094026877094304
      ],
      [
        0.716660906208937,
        0.047720574380525536,
        0.2356185194105371
      ],
      [
        0.4176411990298089,
        0.023830058279778306,
        0.5585287426904125
      ],
      [
        0.06734386211238537,
        0.7924059041465813,
        0.1402502337410332
      ],
      [
        0.38401766269083415,
        0.5287864623029402,
        0.08719587500622547
      ],
      [
        0.43362569457363714,
        0.03548807279676845,
        0.5308862326295943
      ],
      [
        0.38900769416871744,
        0.025296801646066354,
        0.5856955041852163
      ],
      [
        0.0637098284757934,
        0.07164235717655645,
        0.8646478143476503
      ],
      [
        0.040449414078576516,
        0.08294172841415881,
        0.8766088575072649
      ],
      [
        0.10204865836574781,
        0.417704488014114,
        0.4802468536201385
      ],
      [
        0.006942589752546465,
        0.9163208942958803,
        0.07673651595157341
      ],
      [
        0.9257943775912129,
        0.03112730850907504,
        0.04307831389971237
      ],
      [
        0.40027376869724085,
        0.1588399023283828,
        0.44088632897437635
      ],
      [
        0.03586235446705499,
        0.9544158876586346,
        0.009721757874310233
      ],
      [
        0.3647681333614021,
        0.03755112438025357,
        0.5976807422583442
      ],
      [
        0.02125460529808356,
        0.22991739526941668,
        0.7488279994324997
      ],
      [
        0.5820507680485117,
        0.17283386518003416,
        0.24511536677145393
      ],
      [
        0.060288941199868926,
        0.02760957802558601,
        0.9121014807745449
      ],
      [
        0.7004765084049777,
        0.12086057818294167,
        0.17866291341208043
      ],
      [
        0.6172739542772706,
        0.025617785413947408,
        0.3571082603087823
      ],
      [
        0.026082638783821728,
        0.2410368698420279,
        0.7328804913741503
      ],
      [
        0.010656810549437663,
        0.06250244976598679,
        0.9268407396845754
      ],
      [
        0.11297919906064731,
        0.6091283865560747,
        0.27789241438327833
      ],
      [
        0.7887838599342829,
        0.010497330477400138,
        0.20071880958831695
      ],
      [
        0.5050525234283441,
        0.4725773908824913,
        0.022370085689164636
      ],
      [
        0.062353918212376035,
        0.8869968236967822,
        0.050649258090841594
      ],
      [
        0.08561015809935826,
        0.8923873364281951,
        0.022002505472446497
      ],
      [
        0.8946541896096585,
        0.09282822585528468,
        0.01251758453505692
      ],
      [
        0.02126666489998922,
        0.6693211041881416,
        0.30941223091186937
      ],
      [
        0.5773899108564177,
        0.13372756509445796,
        0.28888252404912435
      ],
      [
        0.4622812100542488,
        0.25992797639875487,
        0.2777908135469965
      ],
      [
        0.05348342891176807,
        0.9175933040867389,
        0.028923267001492982
      ],
      [
        0.479627678482753,
        0.4806228071427326,
        0.03974951437451438
      ],
      [
        0.7846051725332093,
        0.04605178521613142,
        0.1693430422506591
      ],
      [
        0.034247250253132605,
        0.6021178456015396,
        0.3636349041453276
      ],
      [
        0.26981205945694564,
        0.04227601052094406,
        0.6879119300221103
      ],
      [
        0.14360859458971872,
        0.2571692147436909,
        0.5992221906665904
      ],
      [
        0.15918340561868533,
        0.25447071917332004,
        0.5863458752079949
      ],
      [
        0.034047912333535095,
        0.9169189278336992,
        0.04903315983276596
      ],
      [
        0.024733667684735745,
        0.9434652150564259,
        0.031801117258838475
      ],
      [
        0.015460326925753094,
        0.027983910423759126,
        0.9565557626504877
      ],
      [
        0.08571498436781733,
        0.25319398263664467,
        0.661091032995538
      ],
      [
        0.4860205528045197,
        0.24903049985286121,
        0.26494894734261915
      ],
      [
        0.06927861736743092,
        0.7370179927727716,
        0.19370338985979754
      ],
      [
        0.24555426705217737,
        0.5050030399725833,
        0.24944269297523952
      ],
      [
        0.045981507375886826,
        0.052000091575591476,
        0.9020184010485223
      ]
    ],
    "y_true": [
      0,
      0,
      2,
      2,
      1,
      2,
      0,
      1,
      0,
      0,
      1,
      0,
      2,
      0,
      1,
      2,
      0,
      1,
      1,
      1,
      2,
      2,
