{
  "Random_Forest": {
    "y_pred": [
      2,
      2,
      2,
      2,
      2,
      2,
      2,
      2,
      1,
      2,
      1,
      2,
      2,
      0,
      1,
      2,
      2,
      2,
      1,
      2,
      1,
      2,
      2,
      2,
      1,
      2,
      2,
      2,
      2,
      2,
      0,
      1,
      2,
      2,
      2,
      1,
      2,
      2,
      1,
      2,
      2,
      1,
      0,
      2,
      2,
      2,
      0,
      2,
      1,
      1,
      0,
      1,
      1,
      2,
      2,
      2,
      1,
      1,
      2,
      2,
      2,
      0,
      2,
      0,
      2,
      2,
      1,
      1,
      0,
      1,
      2,
      1,
      2,
      0,
      2,
      2,
      0,
      0,
      0,
      2,
      0,
      2,
      2,
      0,
      2,
      2,
      2,
      2,
      1,
      2,
      2,
      2,
      2,
      2,
      1,
      1,
      1,
      2,
      1,
      2,
      0,
      2,
      2,
      0,
      2,
      2,
      2,
      2,
      1,
      2,
      0,
      2,
      2,
      0,
      2,
      2,
      2,
      0,
      2,
      2,
      2,
      1,
      1,
      2,
      2,
      2,
      2,
      2,
      2,
      2,
      1,
      2,
      2,
      2,
      2,
      2,
      1,
      1,
      1,
      0,
      2,
      2,
      1,
      2,
      2,
      0,
      2,
      0,
      1,
      2,
      1,
      1,
      2,
      0,
      0,
      2,
      2,
      1,
      2,
      2,
      2,
      2,
      2,
      0,
      2,
      2,
      2,
      2,
      2,
      1,
      1,
      2,
      2,
      0,
      2,
      2,
      1,
      2,
      2,
      0,
      1,
      2,
      2,
      2,
      1,
      0,
      0,
      2,
      1,
      1,
      2,
      2,
      2,
      2,
      0,
      1,
      2,
      2,
      1,
      0,
      0,
      2,
      1,
      1,
      2,
      1,
      2,
      0,
      0,
      2,
      1,
      2,
      2,
      2,
      1,
      2,
      2,
      2,
      1,
      2,
      2,
      1,
      0,
      2,
      1,
      2,
      0,
      2,
      2,
      2,
      2,
      2,
      2,
      1,
      0,
      0,
      0,
      2,
      2,
      2,
      2,
      2,
      2,
      2,
      2,
      0,
      2,
      2,
      2,
      2,
      1,
      1,
      2,
      0,
      2,
      2,
      2,
      0,
      2,
      1,
      2,
      1,
      1,
      2,
      1,
      1,
      1,
      2,
      0,
      2,
      0,
      2,
      1,
      1,
      2,
      1,
      0,
      2,
      0,
      0,
      2,
      2,
      1,
      2,
      2,
      0,
      1,
      2,
      1,
      2,
      1,
      2,
      2,
      2,
      2,
      2,
      0,
      0,
      2,
      2,
      2,
      1,
      2,
      2,
      1,
      2,
      0,
      1,
      1,
      0,
      2,
      0,
      0,
      2,
      1,
      0,
      2,
      2,
      2,
      2,
      0,
      2,
      2,
      0,
      1,
      2,
      2,
      1,
      2,
      2,
      1,
      1,
      2,
      1,
      2,
      1,
      2,
      2,
      2,
      1,
      2,
      1,
      0,
      2,
      1,
      1,
      2,
      2,
      2,
      0,
      0,
      2,
      0,
      2,
      1,
      2,
      2,
      0
    ],
    "y_prob": [
      [
        0.03522113689954244,
        0.06819968100145685,
        0.8965791820990008
      ],
      [
        0.0029446164430684553,
        0.0010679338909522803,
        0.9959874496659793
      ],
      [
        0.27777305198635976,
        0.007074175824175823,
        0.7151527721894645
      ],
      [
        0.1078095238095238,
        0.43116666666666675,
        0.46102380952380956
      ],
      [
        0.000449486301369863,
        0.015650578223555704,
        0.9838999354750745
      ],
      [
        0.26993874710377525,
        0.3020880869519249,
        0.42797316594429974
      ],
      [
        0.03906076392506057,
        0.08410139002192524,
        0.8768378460530141
      ],
      [
        0.01105632231263089,
        0.0047664373351679855,
        0.9841772403522009
      ],
      [
        0.037444697952343745,
        0.6303081811232265,
        0.33224712092442976
      ],
      [
        0.008004422606273544,
        0.004776472394110069,
        0.9872191049996164
      ],
      [
        0.011991443409502296,
        0.9478368537437948,
        0.04017170284670285
      ],
      [
        0.3931767676767677,
        0.002,
        0.6048232323232324
      ],
      [
        8.474576271186441e-05,
        0.007142857142857143,
        0.9927723970944311
      ],
      [
        0.728670313727209,
        0.10739081959579337,
        0.1639388666769979
      ],
      [
        0.10148776362171502,
        0.8557221062185897,
        0.04279013015969538
      ],
      [
        0.0005263157894736842,
        0.000843548059337533,
        0.9986301361511888
      ],
      [
        0.00432258064516129,
        0.05964116743471582,
        0.9360362519201229
      ],
      [
        0.0004073264078731547,
        0.007123707117255505,
        0.9924689664748714
      ],
      [
        0.0016666666666666666,
        0.7543358546567053,
        0.243997478676628
      ],
      [
        0.011513317191283292,
        0.003302300109529025,
        0.9851843826991876
      ],
      [
        0.00045454545454545455,
        0.9614096002037177,
        0.03813585434173669
      ],
      [
        0.13467159169333082,
        0.007348484848484847,
        0.8579799234581843
      ],
      [
        0.14198268492686078,
        0.2541582685174175,
        0.6038590465557215
      ],
      [
        0.006851021911179311,
        0.003596573773360431,
        0.9895524043154604
      ],
      [
        0.006666666666666666,
        0.942468782249742,
        0.05086455108359132
      ],
      [
        0.1218389355742297,
        0.07980158011922718,
        0.7983594843065431
      ],
      [
        0.03723828515242387,
        0.003835964801677628,
        0.9589257500458984
      ],
      [
        0.03749827088483735,
        0.033814817857375175,
        0.9286869112577874
      ],
      [
        0.24247640275145252,
        0.21112963257155673,
        0.5463939646769906
      ],
      [
        0.028962546205696892,
        0.0,
        0.9710374537943032
      ],
      [
        0.46483552449900256,
        0.1739740158230718,
        0.36119045967792573
      ],
      [
        0.0019446952188357646,
        0.9616497235773133,
        0.036405581203851026
      ],
      [
        0.00892156862745098,
        0.3153696626276588,
        0.6757087687448902
      ],
      [
        0.035843010508006666,
        0.05537501149831044,
        0.9087819779936827
      ],
      [
        0.012306967984934088,
        0.007893262568185169,
        0.9797997694468807
      ],
      [
        0.1075102609113873,
        0.8865806481795218,
        0.005909090909090909
      ],
      [
        0.07082369748132185,
        0.001724640675942508,
        0.9274516618427358
      ],
      [
        0.0059696969696969695,
        0.0,
        0.9940303030303029
      ],
      [
        0.33580336330336336,
        0.46201165501165503,
        0.2021849816849817
      ],
      [
        0.1043147588079095,
        0.00020833333333333332,
        0.895476907858757
      ],
      [
        0.0,
        0.00017142857142857143,
        0.9998285714285714
      ],
      [
        0.16525698243396988,
        0.8206308963539088,
        0.014112121212121211
      ],
      [
        0.688567653466122,
        0.02585251322751323,
        0.28557983330636477
      ],
      [
        0.06837146074646075,
        0.03506438791732909,
        0.8965641513362101
      ],
      [
        0.04031446767603942,
        0.0008571428571428571,
        0.9588283894668179
      ],
      [
        0.05131089023732119,
        0.02137148801375384,
        0.9273176217489251
      ],
      [
        0.8074816017316018,
        0.007588744588744589,
        0.18492965367965364
      ],
      [
        0.004458577951728637,
        0.008010411008237095,
        0.987531011040034
      ],
      [
        0.054480072543253766,
        0.6807214934883882,
        0.2647984339683579
      ],
      [
        0.00037357315807679003,
        0.9743901527581914,
        0.025236274083731712
      ],
      [
        0.9817908116908692,
        0.0008945578231292516,
        0.017314630486001455
      ],
      [
        0.0002857142857142857,
        0.9066816895746306,
        0.09303259613965498
      ],
      [
        0.0029111710044287882,
        0.9885930177620611,
        0.008495811233510134
      ],
      [
        0.005172352954028454,
        0.010901463866257488,
        0.9839261831797141
      ],
      [
        0.016918088032771273,
        0.029655570341434734,
        0.953426341625794
      ],
      [
        0.023333333333333334,
        0.40222456138632606,
        0.5744421052803406
      ],
      [
        0.006923076923076923,
        0.9538439895848948,
        0.03923293349202816
      ],
      [
        0.449347481021394,
        0.49104862287470985,
        0.059603896103896103
      ],
      [
        0.22716734143049933,
        0.012499999999999997,
        0.7603326585695008
      ],
      [
        0.04359006519808093,
        0.07377800674387452,
        0.8826319280580447
      ],
      [
        0.48953699955015745,
        0.01,
        0.5004630004498426
      ],
      [
        0.6583871631265649,
        0.019852095619340863,
        0.32176074125409415
      ],
      [
        0.0072276029055690074,
        0.024108601109820625,
        0.9686637959846103
      ],
      [
        0.8560488125074589,
        0.0030050125313283204,
        0.14094617496121253
      ],
      [
        0.055297619047619054,
        0.22437128720952249,
        0.7203310937428584
      ],
      [
        0.0,
        0.1303054273516141,
        0.8696945726483858
      ],
      [
        0.007857142857142858,
        0.9534288875039648,
        0.03871396963889224
      ],
      [
        0.02872420634920635,
        0.8338288688790605,
        0.13744692477173295
      ],
      [
        0.9273494818412583,
        0.003941964285714286,
        0.06870855387302757
      ],
      [
        0.017618098688750864,
        0.8115523240257894,
        0.17082957728545964
      ],
      [
        0.10143666056166056,
        0.09184996947496947,
        0.8067133699633697
      ],
      [
        8.928571428571429e-05,
        0.8003583808849782,
        0.19955233340073594
      ],
      [
        0.00651925192519252,
        9.900990099009902e-05,
        0.9933817381738173
      ],
      [
        0.8651402609814016,
        0.03475629711160559,
        0.10010344190699297
      ],
      [
        0.08639670121279641,
        0.027274716986058503,
        0.8863285818011453
      ],
      [
        0.005790622927399758,
        0.012238664288212131,
        0.9819707127843883
      ],
      [
        0.7489056099487351,
        0.023019179894179894,
        0.22807521015708496
      ],
      [
        0.9691883764554723,
        0.022848498579099857,
        0.007963124965427767
      ],
      [
        0.9206279635530309,
        0.07551653664623151,
        0.0038554998007373858
      ],
      [
        0.02581079435402784,
        0.028553567334892303,
        0.9456356383110796
      ],
      [
        0.656667650186666,
        0.010099984967230208,
        0.3332323648461039
      ],
      [
        0.04563888888888888,
        0.29222826640289823,
        0.6621328447082129
      ],
      [
        0.4331120052498461,
        0.010759688259688259,
        0.5561283064904656
      ],
      [
        0.8924722893804271,
        0.08188094664571963,
        0.025646763973853296
      ],
      [
        0.000196078431372549,
        0.011120481927710844,
        0.9886834396409167
      ],
      [
        0.0025540527961157443,
        0.007386924452819504,
        0.9900590227510646
      ],
      [
        0.030988992266775782,
        0.018654323197195757,
        0.9503566845360284
      ],
      [
        0.001958577951728637,
        0.008747988647988649,
        0.9892934334002826
      ],
      [
        0.11585811733613681,
        0.6713306807561424,
        0.21281120190772068
      ],
      [
        0.08901597735294478,
        0.055817351884373,
        0.8551666707626818
      ],
      [
        0.05885492234807305,
        0.01727209842715343,
        0.9238729792247734
      ],
      [
        0.06118827950376492,
        0.07028389289260313,
        0.8685278276036317
      ],
      [
        0.2655193841477222,
        0.016574770258980784,
        0.7179058455932968
      ],
      [
        0.0007260849545297571,
        0.010985501541091111,
        0.9882884135043791
      ],
      [
        0.3365135281385281,
        0.5953079004329003,
        0.06817857142857142
      ],
      [
        0.04329670329670329,
        0.7569170806765426,
        0.19978621602675425
      ],
      [
        0.05902914550636515,
        0.8938599641698136,
        0.04711089032382129
      ],
      [
        0.0017983383302764516,
        0.018794941344489183,
        0.9794067203252346
      ],
      [
        8.928571428571429e-05,
        0.8593887982245311,
        0.14052191606118314
      ],
      [
        0.0762986147197315,
        0.014649050027465685,
        0.9090523352528027
      ],
      [
        0.5180806183305094,
        0.4532498889073505,
        0.028669492762139825
      ],
      [
        0.01831064109144929,
        0.009564019712847953,
        0.9721253391957029
      ],
      [
        0.0023115079365079363,
        0.1906477238563786,
        0.8070407682071133
      ],
      [
        0.9196876397587894,
        0.0021586463223787168,
        0.07815371391883175
      ],
      [
        0.00931802822500497,
        0.015666272358132824,
        0.9750156994168623
      ],
      [
        0.002584745762711864,
        0.26732936507936506,
        0.730085889157923
      ],
      [
        0.00453690596562184,
        0.0035064599483204135,
        0.9919566340860577
      ],
      [
        0.21882224602161515,
        0.08800089044852516,
        0.6931768635298596
      ],
      [
        0.02438827838827839,
        0.5500566170052094,
        0.42555510460651225
      ],
      [
        0.09121648672964461,
        0.0016666666666666666,
        0.9071168466036886
      ],
      [
        0.9318080441123203,
        0.0068943452380952385,
        0.06129761064958433
      ],
      [
        0.03650528895768834,
        0.46562207793089966,
        0.49787263311141194
      ],
      [
        0.0013134139092530217,
        0.06440196550700122,
        0.9342846205837457
      ],
      [
        0.9097652841797331,
        0.0,
        0.09023471582026708
      ],
      [
        0.0771626984126984,
        0.0,
        0.9228373015873015
      ],
      [
        0.005398503103821795,
        0.012337141038517858,
        0.9822643558576604
      ],
      [
        0.01277027027027027,
        0.05904605419790842,
        0.9281836755318212
      ],
      [
        0.6954573079569212,
        0.12525658225503425,
        0.1792861097880448
      ],
      [
        0.03171255483204986,
        0.14550887691278455,
        0.8227785682551656
      ],
      [
        0.04205747515808492,
        0.3774334713522304,
        0.5805090534896847
      ],
      [
        0.01211930041992569,
        0.024203601983068434,
        0.963677097597006
      ],
      [
        0.0,
        0.7231597862047274,
        0.27684021379527257
      ],
      [
        0.042523809523809526,
        0.5925101040890514,
        0.364966086387139
      ],
      [
        0.04604677294369377,
        0.03129359935524064,
        0.9226596277010656
      ],
      [
        0.006931357489232252,
        0.0027,
        0.9903686425107678
      ],
      [
        0.04408647985209815,
        0.027152108666787803,
        0.9287614114811142
      ],
      [
        0.0005609362389023406,
        0.0074903028475317626,
        0.9919487609135658
      ],
      [
        0.0016042192454539571,
        0.007380173587743357,
        0.9910156071668027
      ],
      [
        0.090359649122807,
        0.0025,
        0.9071403508771929
      ],
      [
        0.026865508365508363,
        0.17288323530786717,
        0.8002512563266245
      ],
      [
        0.003909774436090225,
        0.9645424044089834,
        0.03154782115492614
      ],
      [
        0.007910142588108689,
        0.08278992304333871,
        0.9092999343685526
      ],
      [
        0.06367268728616592,
        0.17924437341202226,
        0.757082939301812
      ],
      [
        0.014834069217684676,
        0.031590215633869635,
        0.953575715148446
      ],
      [
        0.03853239755413669,
        0.011166666666666665,
        0.9503009357791966
      ],
      [
        0.024033888898660406,
        0.02833412630883936,
        0.9476319847925002
      ],
      [
        0.022261263736263737,
        0.947409693084693,
        0.030329043179043183
      ],
      [
        0.02368930073615675,
        0.7794639469147236,
        0.19684675234911972
      ],
      [
        0.03337237484737485,
        0.951544011707247,
        0.015083613445378152
      ],
      [
        0.9259188321601555,
        0.02795687941681348,
        0.04612428842303106
      ],
      [
        0.33168675758843313,
        0.03126058949025456,
        0.6370526529213121
      ],
      [
        0.0013916772946627406,
        0.0005233976483553276,
        0.998084925056982
      ],
      [
        0.002857142857142857,
        0.9148707186386135,
        0.08227213850424349
      ],
      [
        0.021718467220798354,
        0.12740319569656447,
        0.8508783370826375
      ],
      [
        0.17085162869186768,
        0.026616672554354424,
        0.8025316987537776
      ],
      [
        0.9568899687926943,
        0.0017142857142857142,
        0.041395745493019935
      ],
      [
        0.07256050779898644,
        0.08195031942679182,
        0.8454891727742221
      ],
      [
        0.9493032108463144,
        0.03119563657063657,
        0.019501152583049134
      ],
      [
        0.00016949152542372882,
        0.9227971258255526,
        0.07703338264902347
      ],
      [
        0.007370460048426151,
        0.26841269841269844,
        0.7242168415388756
      ],
      [
        0.0015694721944721946,
        0.9748838288074784,
        0.02354669899804929
      ],
      [
        0.006000000000000001,
        0.5802523063043943,
        0.41374769369560577
      ],
      [
        0.007438380281690141,
        0.08284088750486983,
        0.9097207322134399
      ],
      [
        0.9677379733643751,
        0.007512267296683447,
        0.0247497593389414
      ],
      [
        0.9830065670365127,
        0.0003333333333333333,
        0.016660099630154076
      ],
      [
        0.12924715103830794,
        0.03290366066681856,
        0.8378491882948738
      ],
      [
        0.04769443906378756,
        0.023836228151644337,
        0.928469332784568
      ],
      [
        0.006587412587412588,
        0.9041106453785404,
        0.08930194203404701
      ],
      [
        0.010833333333333332,
        0.1556607109568977,
        0.8335059557097689
      ],
      [
        0.01973809523809524,
        0.1383275613275613,
        0.8419343434343434
      ],
      [
        0.00046936114732724904,
        0.00025,
        0.9992806388526728
      ],
      [
        0.026615505622538872,
        0.003181818181818182,
        0.9702026761956429
      ],
      [
        0.02119831577010109,
        0.03711948794444144,
        0.9416821962854577
      ],
      [
        0.7010727760908679,
        0.17344562728937732,
        0.1254815966197545
      ],
      [
        0.0345083655083655,
        0.043473168820994904,
        0.9220184656706395
      ],
      [
        0.02266917293233083,
        0.25391612687301374,
        0.7234147001946555
      ],
      [
        0.0384753663895051,
        0.009516802935456939,
        0.9520078306750379
      ],
      [
        0.15845524856773416,
        0.2008446262858966,
        0.6407001251463691
      ],
      [
        0.002473177142275631,
        0.0015420642581945858,
        0.9959847585995298
      ],
      [
        0.01141125541125541,
        0.9511940921823273,
        0.03739465240641711
      ],
      [
        0.0191089680723548,
        0.9478526860629833,
        0.03303834586466165
      ],
      [
        0.020608507917135345,
        0.009611782541369103,
        0.9697797095414957
      ],
      [
        0.0018610615521855486,
        0.006224835018565669,
        0.9919141034292488
      ],
      [
        0.7539285285515999,
        0.04873344368996543,
        0.1973380277584345
      ],
      [
        0.11789285714285713,
        0.010681818181818181,
        0.8714253246753246
      ],
      [
        0.00045454545454545455,
        0.021204630152456244,
        0.9783408243929982
      ],
      [
        0.007267605633802816,
        0.9466417017255045,
        0.04609069264069263
      ],
      [
        0.006643850444952328,
        0.002838319524567526,
        0.9905178300304803
      ],
      [
        0.01690909090909091,
        0.15818645012864083,
        0.8249044589622685
      ],
      [
        0.8737933981506214,
        0.11095714297491982,
        0.015249458874458872
      ],
      [
        0.01242857142857143,
        0.9053355448898927,
        0.08223588368153585
      ],
      [
        0.012222222222222223,
        0.28603088877639105,
        0.7017468890013866
      ],
      [
        0.04754697172591908,
        0.15405192715780952,
        0.7984011011162717
      ],
      [
        0.02469298245614035,
        0.0,
        0.9753070175438596
      ],
      [
        0.043183574879227055,
        0.9251135265700485,
        0.03170289855072463
      ],
      [
        0.8112030725876531,
        0.12073714194302428,
        0.06805978546932262
      ],
      [
        0.8889358132289167,
        0.04711904761904762,
        0.0639451391520357
      ],
      [
        0.005910364145658262,
        0.11463086634985997,
        0.8794587695044817
      ],
      [
        0.01907033585736264,
        0.5409706215773072,
        0.4399590425653301
      ],
      [
        0.0,
        0.9819639573343463,
        0.018036042665653833
      ],
      [
        0.019570978872080754,
        0.011466433386804307,
        0.968962587741115
      ],
      [
        0.03859301629294025,
        0.039959107060802454,
        0.9214478766462574
      ],
      [
        0.004315476190476191,
        0.14069289303336616,
        0.8549916307761576
      ],
      [
        0.03783603896103896,
        0.3542225037324142,
        0.6079414573065468
      ],
      [
        0.7166462598232475,
        0.2744434837664963,
        0.00891025641025641
      ],
      [
        0.01318065594536183,
        0.7242623351428338,
        0.2625570089118043
      ],
      [
        0.001959457811341373,
        0.011026239599217079,
        0.9870143025894416
      ],
      [
        0.00712121212121212,
        0.05447539682539682,
        0.938403391053391
      ],
      [
        0.015075757575757576,
        0.9632532279314886,
        0.021671014492753625
      ],
      [
        0.966611650460875,
        0.0016268605135585517,
        0.03176148902556643
      ],
      [
        0.6458264975764976,
        0.17230884534145402,
        0.18186465708204838
      ],
      [
        0.01955128205128205,
        0.0,
        0.9804487179487178
      ],
      [
        0.007714646464646465,
        0.6628541343713757,
        0.3294312191639778
      ],
      [
        0.3935263577002707,
        0.540098089691418,
        0.06637555260831123
      ],
      [
        0.02593344580969354,
        0.08384107920549794,
        0.8902254749848088
      ],
      [
        0.024666666666666667,
        0.7197316549816548,
        0.2556016783516783
      ],
      [
        0.027568703090304472,
        0.006418618573673577,
        0.9660126783360218
      ],
      [
        0.5740476418945785,
        0.38776480318195583,
        0.03818755492346573
      ],
      [
        0.5067149334415453,
        0.33034657903529885,
        0.16293848752315576
      ],
      [
        0.02888481511325992,
        0.0035416666666666665,
        0.9675735182200735
      ],
      [
        0.08570634920634922,
        0.7836269841269842,
        0.13066666666666665
      ],
      [
        0.05195987019958816,
        0.1305964064743666,
        0.8174437233260453
      ],
      [
        0.08449279774279773,
        0.045088553436379526,
        0.8704186488208226
      ],
      [
        0.006716875210025896,
        0.0035027602862087136,
        0.9897803645037652
      ],
      [
        0.027707692307692308,
        0.9584228742859877,
        0.013869433406320115
      ],
      [
        0.3430660173160173,
        0.0,
        0.6569339826839828
      ],
      [
        0.030958889187333985,
        0.010835284933645589,
        0.9582058258790204
      ],
      [
        0.00796716949910762,
        0.002488889666218887,
        0.9895439408346735
      ],
      [
        0.28551051726051724,
        0.6859190531690532,
        0.028570429570429573
      ],
      [
        0.0,
        0.04592063492063492,
        0.9540793650793651
      ],
      [
        0.04345238095238095,
        0.4022677433677434,
        0.5542798756798757
      ],
      [
        0.3678518853472269,
        0.6171481146527731,
        0.014999999999999998
      ],
      [
        0.722859087572952,
        0.023464285714285715,
        0.25367662671276237
      ],
      [
        0.18158028510920488,
        0.3837988535437964,
        0.43462086134699873
      ],
      [
        0.005,
        0.8852328329882677,
        0.10976716701173224
      ],
      [
        0.003026546200738413,
        0.006761882789489151,
        0.9902115710097726
      ],
      [
        0.5213404979012882,
        0.47048153599701675,
        0.008177966101694916
      ],
      [
        0.1404710896568516,
        0.07087639630706331,
        0.7886525140360853
      ],
      [
        0.0070512820512820505,
        0.027821576726631735,
        0.9651271412220862
      ],
      [
        0.0002808241940844134,
        0.01685569105691057,
        0.9828634847490051
      ],
      [
        0.020717948717948714,
        0.011894809049864053,
        0.967387242232187
      ],
      [
        0.0005300065231572081,
        0.004290476190476191,
        0.9951795172863666
      ],
      [
        0.041095238095238094,
        0.002,
        0.956904761904762
      ],
      [
        0.010040184544080627,
        0.982825992526503,
        0.007133822929416564
      ],
      [
        0.8361708303063006,
        0.1233442841880342,
        0.040484885505665355
      ],
      [
        0.6293989002996482,
        0.019532409262598603,
        0.35106869043775346
      ],
      [
        0.8834134994897902,
        0.009365079365079364,
        0.1072214211451304
      ],
      [
        0.031418079096045194,
        0.001176470588235294,
        0.9674054503157197
      ],
      [
        0.049573934837092735,
        0.03555127122619382,
        0.9148747939367133
      ],
      [
        0.017579514413441393,
        0.02716029665980212,
        0.9552601889267567
      ],
      [
        0.059057081807081795,
        0.41707221974677,
        0.5238706984461481
      ],
      [
        0.09878137679314147,
        0.19036940836940835,
        0.7108492148374499
      ],
      [
        0.029908425990507585,
        0.04009750646596597,
        0.9299940675435262
      ],
      [
        0.008716931216931217,
        0.06512640463240381,
        0.9261566641506651
      ],
      [
        0.005333333333333333,
        0.46591883116883115,
        0.5287478354978355
      ],
      [
        0.8874454906118993,
        0.002,
        0.11055450938810071
      ],
      [
        0.0681680790960452,
        0.10343818348437024,
        0.8283937374195846
      ],
      [
        0.008894269572235674,
        0.006999999999999999,
        0.9841057304277644
      ],
      [
        0.43613170386817335,
        0.07412079045014704,
        0.48974750568167935
      ],
      [
        0.026946078431372547,
        0.009166666666666667,
        0.9638872549019607
      ],
      [
        0.01968204795342123,
        0.9416244991936711,
        0.03869345285290776
      ],
      [
        0.11186976266132274,
        0.8726159076006185,
        0.015514329738058552
      ],
      [
        0.2876776128016529,
        0.0026960512858888973,
        0.7096263359124584
      ],
      [
        0.822920935954601,
        0.012786917082733756,
        0.1642921469626652
      ],
      [
        0.0002808241940844134,
        0.003121428571428572,
        0.996597747234487
      ],
      [
        0.11017404023561596,
        0.04009754967385836,
        0.8497284100905254
      ],
      [
        0.011724728487886383,
        0.11540391458621124,
        0.8728713569259022
      ],
      [
        0.8624566063115432,
        0.0037401748848394823,
        0.13380321880361737
      ],
      [
        0.018006205625700652,
        0.07231936965586515,
        0.9096744247184343
      ],
      [
        0.003333333333333333,
        0.4993502886002886,
        0.497316378066378
      ],
      [
        0.43975830277383066,
        0.027232171612606396,
        0.5330095256135629
      ],
      [
        0.12241513878278582,
        0.851289623121976,
        0.026295238095238097
      ],
      [
        0.1861431623931623,
        0.4386764509436923,
        0.3751803866631453
      ],
      [
        0.01038888888888889,
        0.0,
        0.9896111111111111
      ],
      [
        0.08482539396877631,
        0.776400949560052,
        0.1387736564711717
      ],
      [
        0.06386726985846704,
        0.8747766891237271,
        0.061356041017805715
      ],
      [
        0.37846672771672774,
        0.5230993728493727,
        0.09843389943389942
      ],
      [
        0.011083333333333334,
        0.00875,
        0.9801666666666666
      ],
      [
        0.853681273079901,
        0.11434428418803418,
        0.03197444273206468
      ],
      [
        0.02581210818802142,
        0.029420024619735724,
        0.9447678671922428
      ],
      [
        0.9400918936952769,
        0.005071428571428571,
        0.05483667773329428
      ],
      [
        0.006871602062563126,
        0.024374862788519202,
        0.9687535351489178
      ],
      [
        0.019275311703800077,
        0.8198990319963196,
        0.16082565629988024
      ],
      [
        0.06553409090909092,
        0.7271910106147722,
        0.20727489847613687
      ],
      [
        0.003206501831501832,
        0.2923971338861431,
        0.7043963642823549
      ],
      [
        0.06508149973092808,
        0.8579644532919971,
        0.07695404697707489
      ],
      [
        0.7792751257600331,
        0.13052510398098632,
        0.09019977025898081
      ],
      [
        0.2539616844468078,
        0.058215185205413154,
        0.687823130347779
      ],
      [
        0.934514631822301,
        0.03477871519482499,
        0.03070665298287408
      ],
      [
        0.7628403480036081,
        0.004,
        0.23315965199639177
      ],
      [
        0.01771152668708292,
        0.20281401956055173,
        0.779474453752365
      ],
      [
        0.0003846153846153846,
        0.0014038796111085267,
        0.998211505004276
      ],
      [
        0.003911171004428789,
        0.9915373270457993,
        0.004551501949771767
      ],
      [
        0.010751412429378531,
        0.003533333333333333,
        0.9857152542372881
      ],
      [
        0.0009103641456582632,
        0.07969595866495228,
        0.9193936771893892
      ],
      [
        0.5710306447938026,
        0.002,
        0.4269693552061974
      ],
      [
        0.03416934322986955,
        0.9239535297462195,
        0.04187712702391117
      ],
      [
        0.26659755304235105,
        0.04198905162211185,
        0.691413395335537
      ],
      [
        0.008614551083591332,
        0.5833793306796404,
        0.4080061182367683
      ],
      [
        0.015309760858026671,
        0.4721302001172421,
        0.5125600390247311
      ],
      [
        0.08621275783040488,
        0.8495699261522792,
        0.06421731601731602
      ],
      [
        0.05053568363301855,
        0.13199684269665735,
        0.8174674736703238
      ],
      [
        0.00045454545454545455,
        0.009642424242424244,
        0.9899030303030301
      ],
      [
        0.0008391608391608392,
        0.0007428571428571429,
        0.9984179820179818
      ],
      [
        0.031075757575757576,
        0.31963932472756,
        0.6492849176966823
      ],
      [
        0.27372496304508503,
        0.07928628724216959,
        0.6469887497127454
      ],
      [
        0.7208491318730289,
        0.26943017215627507,
        0.009720695970695971
      ],
      [
        0.8536860829229252,
        0.11711544011544013,
        0.02919847696163486
      ],
      [
        0.017536428541095345,
        0.02658468930473401,
        0.9558788821541705
      ],
      [
        0.09141276267592056,
        0.07696383799613464,
        0.8316233993279445
      ],
      [
        0.004806674806674806,
        0.04105773062281338,
        0.9541355945705119
      ],
      [
        0.003080662529852517,
        0.9934431161719277,
        0.003476221298219929
      ],
      [
        0.11239468453241587,
        0.01417788272333727,
        0.8734274327442471
      ],
      [
        0.00977027027027027,
        0.3925075803458157,
        0.5977221493839141
      ],
      [
        0.0008585164835164835,
        0.6742383326040681,
        0.3249031509124154
      ],
      [
        0.030647795608148967,
        0.4235854730606709,
        0.5457667313311801
      ],
      [
        0.8940026253387535,
        0.015553075396825395,
        0.0904442992644212
      ],
      [
        0.0875297619047619,
        0.6500180236430236,
        0.26245221445221445
      ],
      [
        0.009200396825396823,
        0.9634168846405341,
        0.027382718534068828
      ],
      [
        0.5652659622002466,
        0.040139151529883794,
        0.39459488626986966
      ],
      [
        0.04874271424330117,
        0.05866105832907313,
        0.892596227427626
      ],
      [
        0.7264223597871298,
        0.13361930687953705,
        0.13995833333333335
      ],
      [
        0.9560472760885881,
        0.036999699956085104,
        0.006953023955326758
      ],
      [
        0.015,
        0.1645548977166624,
        0.8204451022833374
      ],
      [
        0.052815608391595666,
        0.8269019485253589,
        0.12028244308304542
      ],
      [
        0.9050355056995617,
        0.0812601542494436,
        0.013704340050994586
      ],
      [
        0.006666666666666666,
        0.15996816793716157,
        0.8333651653961717
      ],
      [
        0.022511087028515217,
        0.027267410703987003,
        0.9502215022674977
      ],
      [
        0.022809500308910775,
        0.4475778260869482,
        0.5296126736041411
      ],
      [
        0.00675595238095238,
        0.004464285714285715,
        0.9887797619047618
      ],
      [
        0.482866600583794,
        0.08717424644598556,
        0.42995915297022047
      ],
      [
        0.0,
        0.02873910139415639,
        0.9712608986058435
      ],
      [
        8.928571428571429e-05,
        0.014612698412698412,
        0.9852980158730159
      ],
      [
        0.6046862511714032,
        0.3271080816643769,
        0.06820566716421979
      ],
      [
        0.0012273901808785529,
        0.990913193494452,
        0.007859416324669403
      ],
      [
        0.023153839486373274,
        0.011353949650822924,
        0.965492210862804
      ],
      [
        0.052764411027568923,
        0.04791941391941393,
        0.899316175053017
      ],
      [
        0.020803571428571428,
        0.5736631398298841,
        0.40553328874154443
      ],
      [
        0.02130718954248366,
        0.44216467434909623,
        0.53652813610842
      ],
      [
        0.0010728894694843239,
        0.0017957960610422898,
        0.9971313144694736
      ],
      [
        0.13217556385255128,
        0.8404098703211179,
        0.027414565826330534
      ],
      [
        0.012314429149792196,
        0.948440825819157,
        0.03924474503105074
      ],
      [
        0.013891594516594517,
        0.1773236870759249,
        0.8087847184074803
      ],
      [
        0.02786364757048788,
        0.8973170069082463,
        0.07481934552126578
      ],
      [
        0.06570363917924893,
        0.4568298120485709,
        0.47746654877218
      ],
      [
        0.027981713258968366,
        0.8036892249480043,
        0.16832906179302726
      ],
      [
        0.019880664056289327,
        0.031071719940284206,
        0.9490476160034266
      ],
      [
        0.002790171187714479,
        0.007851588067718396,
        0.9893582407445671
      ],
      [
        0.0036866098577266445,
        0.0020314514093925855,
        0.9942819387328806
      ],
      [
        8.928571428571429e-05,
        0.7633404835555548,
        0.23657023073015965
      ],
      [
        0.04155753968253968,
        0.011728174603174603,
        0.9467142857142857
      ],
      [
        0.10757124399475242,
        0.6700377624573081,
        0.2223909935479395
      ],
      [
        0.852233500422451,
        0.08795074761707826,
        0.05981575196047069
      ],
      [
        0.004222222222222222,
        0.29731400966183574,
        0.698463768115942
      ],
      [
        0.036444178628389154,
        0.9464984923078634,
        0.01705732906374755
      ],
      [
        0.011086981113515639,
        0.836246316426214,
        0.15266670246027028
      ],
      [
        0.013876777705950152,
        0.035426442690357544,
        0.9506967796036924
      ],
      [
        8.928571428571429e-05,
        0.17629866177916054,
        0.8236120525065534
      ],
      [
        0.0638095238095238,
        0.2498829039812646,
        0.6863075722092113
      ],
      [
        0.4014921395854772,
        0.2992854790301227,
        0.2992223813843999
      ],
      [
        0.6671053163106733,
        0.006777777777777777,
        0.3261169059115487
      ],
      [
        0.0008391608391608392,
        0.013383549783549782,
        0.9857772893772894
      ],
      [
        0.8951967056419676,
        0.06009507656758301,
        0.04470821779044906
      ],
      [
        0.020671936337258917,
        0.2872379200595096,
        0.6920901436032315
      ],
      [
        0.051536110017609056,
        0.9119631296913081,
        0.036500760291082866
      ],
      [
        0.3985555555555556,
        0.003666666666666667,
        0.5977777777777777
      ],
      [
        0.42313322479200066,
        0.11217258476057314,
        0.46469419044742616
      ],
      [
        0.7137883472226315,
        0.05341713280786508,
        0.23279451996950334
      ]
    ],
    "y_true": [
      2,
      2,
      0,
      1,
      2,
      2,
      2,
      2,
      2,
      2,
      1,
      0,
      2,
      0,
      1,
      2,
      2,
      2,
      2,
      2,
      1,
      2,
      2,
      2,
      1,
      2,
      2,
      2,
      2,
      2,
      0,
      1,
      2,
      2,
