{
  "training_config": {
    "models_used": [
      "Random_Forest",
      "Gradient_Boosting",
      "Logistic_Regression"
    ],
    "cv_folds": 10,
    "scoring_metrics": [
      "accuracy",
      "precision_macro",
      "recall_macro",
      "f1_macro"
    ],
    "random_state": 42
  },
  "cross_validation_results": {
    "Random_Forest": {
      "accuracy": {
        "test_scores": [
          0.8875,
          0.8875,
          0.86875,
          0.90625,
          0.84375,
          0.85,
          0.88125,
          0.9125,
          0.9125,
          0.86875
        ],
        "train_scores": [
          0.9986111111111111,
          1.0,
          0.9993055555555556,
          0.9993055555555556,
          0.9993055555555556,
          0.9993055555555556,
          0.9972222222222222,
          0.9986111111111111,
          0.9993055555555556,
          1.0
        ],
        "test_mean": 0.881875,
        "test_std": 0.023124999999999993,
        "train_mean": 0.9990972222222222,
        "train_std": 0.0007638888888888861
      },
      "precision_macro": {
        "test_scores": [
          0.8865766859482491,
          0.8792041292041293,
          0.8775431880220103,
          0.9154462062381277,
          0.8423076923076923,
          0.8522567615033368,
          0.8845022624434389,
          0.914603948831516,
          0.9159594376985681,
          0.886151003611321
        ],
        "train_scores": [
          0.9989035087719298,
          1.0,
          0.99945085118067,
          0.99945085118067,
          0.99945085118067,
          0.99945085118067,
          0.9974734289427271,
          0.9989017023613399,
          0.9994499449944995,
          1.0
        ],
        "test_mean": 0.885455131580839,
        "test_std": 0.023974544944244135,
        "train_mean": 0.9992531989793175,
        "train_std": 0.0006872999775214957
      },
      "recall_macro": {
        "test_scores": [
          0.8805133993896067,
          0.8805133993896067,
          0.8668283233691487,
          0.8984001560823334,
          0.8410050587399139,
          0.8398971528910071,
          0.8797399556837661,
          0.9147152194211018,
          0.9066013071895425,
          0.8439869281045752
        ],
        "train_scores": [
          0.9983871716327858,
          1.0,
          0.9991181657848324,
          0.9992690058479532,
          0.9991181657848324,
          0.9991181657848324,
          0.9971061224752383,
          0.9985412107950401,
          0.9991181657848324,
          1.0
        ],
        "test_mean": 0.8752200900260603,
        "test_std": 0.02573468347884361,
        "train_mean": 0.9989776173890347,
        "train_std": 0.0007934749627659671
      },
      "f1_macro": {
        "test_scores": [
          0.8824134046747396,
          0.879812800609939,
          0.8712669683257919,
          0.904775176514307,
          0.8410311118548579,
          0.8449094115760781,
          0.8818989484393226,
          0.9141861806786635,
          0.9096203005470307,
          0.855331841909023
        ],
        "train_scores": [
          0.998643451796639,
          1.0,
          0.9992836981268051,
          0.9993593009502798,
          0.9992836981268051,
          0.9992836981268051,
          0.9972872674135717,
          0.9987189508424527,
          0.9992832442857326,
          1.0
        ],
        "test_mean": 0.8785246145129755,
        "test_std": 0.024662262624895598,
        "train_mean": 0.9991143309669092,
        "train_std": 0.0007388931480720385
      },
      "fit_time": [
        0.6450378894805908,
        0.6864843368530273,
        0.6125771999359131,
        0.6816072463989258,
        1.0899410247802734,
        0.6198320388793945,
        1.048583984375,
        1.2733802795410156,
        0.4383840560913086,
        0.44287896156311035
      ],
      "score_time": [
        0.1611340045928955,
        0.09395194053649902,
        0.11702680587768555,
        0.1330265998840332,
        0.08018875122070312,
        0.18071889877319336,
        0.0693061351776123,
        0.07462191581726074,
        0.054947853088378906,
        0.05248308181762695
      ],
      "mean_fit_time": 0.7538707017898559,
      "mean_score_time": 0.10174059867858887
    },
    "Gradient_Boosting": {
      "accuracy": {
        "test_scores": [
          0.9375,
          0.89375,
          0.875,
          0.91875,
          0.8875,
          0.85625,
          0.89375,
          0.9,
          0.925,
          0.875
        ],
        "train_scores": [
          1.0,
          1.0,
          1.0,
          1.0,
          1.0,
          1.0,
          1.0,
          1.0,
          1.0,
          1.0
        ],
        "test_mean": 0.89625,
        "test_std": 0.02375000000000001,
        "train_mean": 1.0,
        "train_std": 0.0
      },
      "precision_macro": {
        "test_scores": [
          0.9342328897732455,
          0.8863903647612806,
          0.8838324961981107,
          0.9191723200908269,
          0.8850214059602003,
          0.855872388481084,
          0.8909056956115778,
          0.8969358065102746,
          0.9257936507936507,
          0.8806267674192202
        ],
        "train_scores": [
          1.0,
          1.0,
          1.0,
          1.0,
          1.0,
          1.0,
          1.0,
          1.0,
          1.0,
          1.0
        ],
        "test_mean": 0.8958783785599472,
        "test_std": 0.02262860117456532,
        "train_mean": 1.0,
        "train_std": 0.0
      },
      "recall_macro": {
        "test_scores": [
          0.9366821355407836,
          0.887049347102025,
          0.873364271081567,
          0.9186351157378375,
          0.8848753431720947,
          0.8535961648340927,
          0.8896902044399849,
          0.9049112978524744,
          0.9219794584500467,
          0.8584873949579833
        ],
        "train_scores": [
          1.0,
          1.0,
          1.0,
          1.0,
          1.0,
          1.0,
          1.0,
          1.0,
          1.0,
          1.0
        ],
        "test_mean": 0.892927073316889,
        "test_std": 0.02605502258247319,
        "train_mean": 1.0,
        "train_std": 0.0
      },
      "f1_macro": {
        "test_scores": [
          0.9353973168214654,
          0.8865490881977882,
          0.8776772247360483,
          0.918721859114016,
          0.8847803010770671,
          0.8537065976931437,
          0.8902526760612569,
          0.8996970757551986,
          0.9236912156166815,
          0.864870778066457
        ],
        "train_scores": [
          1.0,
          1.0,
          1.0,
          1.0,
          1.0,
          1.0,
          1.0,
          1.0,
          1.0,
          1.0
        ],
        "test_mean": 0.8935344133139124,
        "test_std": 0.024758492703016402,
        "train_mean": 1.0,
        "train_std": 0.0
      },
      "fit_time": [
        8.649080038070679,
        8.590288877487183,
        8.574096202850342,
        8.610930919647217,
        8.723142147064209,
        8.610835790634155,
        8.683511018753052,
        8.577317237854004,
        4.385436296463013,
        4.428204774856567
      ],
      "score_time": [
        0.032019853591918945,
        0.030547142028808594,
        0.031414031982421875,
        0.029966115951538086,
        0.02808690071105957,
        0.030152082443237305,
        0.022588014602661133,
        0.03024578094482422,
        0.014207839965820312,
        0.01335287094116211
      ],
      "mean_fit_time": 7.783284330368042,
      "mean_score_time": 0.026258063316345216
    },
    "Logistic_Regression": {
      "accuracy": {
        "test_scores": [
          0.98125,
          0.94375,
          0.95625,
          0.9375,
          0.94375,
          0.94375,
          0.90625,
          0.9375,
          0.95,
          0.94375
        ],
        "train_scores": [
          0.9472222222222222,
          0.9493055555555555,
          0.95,
          0.9541666666666667,
          0.9527777777777777,
          0.9534722222222223,
          0.9555555555555556,
          0.9513888888888888,
          0.9527777777777777,
          0.9534722222222223
        ],
        "test_mean": 0.944375,
        "test_std": 0.017555714881485166,
        "train_mean": 0.9520138888888889,
        "train_std": 0.002394574951328735
      },
      "precision_macro": {
        "test_scores": [
          0.977829457364341,
          0.9426099302744039,
          0.9576812076812077,
          0.9381983142449105,
          0.9426192296110996,
          0.9437667875834187,
          0.906002331002331,
          0.9365809839690437,
          0.9477836691410392,
          0.9547044917257684
        ],
        "train_scores": [
          0.9466712846141977,
          0.9480832594394831,
          0.948495557185946,
          0.9532118816624745,
          0.952248077089275,
          0.9522112232913186,
          0.9548446169334666,
          0.9498135441958643,
          0.9526266477727369,
          0.9523085898987583
        ],
        "test_mean": 0.9447776402597563,
        "test_std": 0.017294161139491573,
        "train_mean": 0.9510514682083521,
        "train_std": 0.0024890806022253805
      },
      "recall_macro": {
        "test_scores": [
          0.9789915966386555,
          0.9404169628050226,
          0.9590910991262177,
          0.9366821355407836,
          0.9432180832532019,
          0.9460192037013812,
          0.9043229231991304,
          0.9408870214752568,
          0.9451167133520074,
          0.9349206349206348
        ],
        "train_scores": [
          0.9465240383687492,
          0.9488678608880102,
          0.9491162357672693,
          0.9529292841564857,
          0.9517689759786337,
          0.9526809092772268,
          0.9548738917333672,
          0.9510420768095988,
          0.9516606955437271,
          0.9529253813916635
        ],
        "test_mean": 0.9429666374012292,
        "test_std": 0.017833102860796618,
        "train_mean": 0.9512389349914733,
        "train_std": 0.0023205442300328998
      },
      "f1_macro": {
        "test_scores": [
          0.9783343040186372,
          0.939952250808909,
          0.9583384026409064,
          0.9373654595195738,
          0.942545941341122,
          0.94459562651857,
          0.9044913004876189,
          0.9382125263898663,
          0.9463887667458154,
          0.9429613341984476
        ],
        "train_scores": [
          0.946596731802758,
          0.9484607534890975,
          0.9487719910933676,
          0.953059310206937,
          0.9520067229442709,
          0.9524442607049485,
          0.9548500953081315,
          0.9504116937705702,
          0.9521099532878189,
          0.9525640389864293
        ],
        "test_mean": 0.9433185912669467,
        "test_std": 0.01744671523157428,
        "train_mean": 0.9511275551594329,
        "train_std": 0.0023838111316397017
      },
      "fit_time": [
        0.031445980072021484,
        0.0297548770904541,
        0.019170045852661133,
        0.029725313186645508,
        0.03282785415649414,
        0.03566265106201172,
        0.03317618370056152,
        0.044912099838256836,
        0.048436880111694336,
        0.033219099044799805
      ],
      "score_time": [
        0.011934995651245117,
        0.012878179550170898,
        0.013339757919311523,
        0.013618946075439453,
        0.026827096939086914,
        0.02309131622314453,
        0.023328781127929688,
        0.020453929901123047,
        0.020867109298706055,
        0.019587993621826172
      ],
      "mean_fit_time": 0.033833098411560056,
      "mean_score_time": 0.01859281063079834
    }
  },
  "test_evaluation_results": {
    "Random_Forest": {
      "accuracy": 0.8775,
      "precision": 0.8799232919254658,
      "recall": 0.8775,
      "f1_score": 0.8774068125493071,
      "confusion_matrix": [
        [
          86,
          7,
          12
        ],
        [
          1,
          114,
          12
        ],
        [
          5,
          12,
          151
        ]
      ],
      "classification_report": {
        "0": {
          "precision": 0.9347826086956522,
          "recall": 0.819047619047619,
          "f1-score": 0.8730964467005076,
          "support": 105.0
        },
        "1": {
          "precision": 0.8571428571428571,
          "recall": 0.8976377952755905,
          "f1-score": 0.8769230769230769,
          "support": 127.0
        },
        "2": {
          "precision": 0.8628571428571429,
          "recall": 0.8988095238095238,
          "f1-score": 0.880466472303207,
          "support": 168.0
        },
        "accuracy": 0.8775,
        "macro avg": {
          "precision": 0.884927536231884,
          "recall": 0.8718316460442445,
          "f1-score": 0.8768286653089304,
          "support": 400.0
        },
        "weighted avg": {
          "precision": 0.8799232919254658,
          "recall": 0.8775,
          "f1-score": 0.8774068125493071,
          "support": 400.0
        }
      },
      "auc": 0.9730655999586816,
      "feature_importance": {
        "คะแนนคณิตศาสตร์": 0.22078367602032836,
        "คะแนนคอมพิวเตอร์": 0.2904108285719366,
        "คะแนนภาษาไทย": 0.054186413722457576,
        "คะแนนวิทยาศาสตร์": 0.054431250619738906,
        "คะแนนศิลปะ": 0.16621032881786316,
        "ทักษะการคิดเชิงตรรกะ": 0.02827187449425978,
        "ทักษะความคิดสร้างสรรค์": 0.02519329461436818,
        "ความสนใจด้านตัวเลข": 0.024591602185669855,
        "ความสนใจด้านเทคโนโลยี": 0.02514048217415563,
        "ความสนใจด้านการทำอาหาร": 0.03342048831212188,
        "การศึกษาของผู้ปกครอง": 0.010068521003670476,
        "ชั่วโมงการนอน": 0.02373398990741998,
        "ความถี่การออกกำลังกาย": 0.013811043927389724,
        "ชั่วโมงใช้โซเชียลมีเดีย": 0.02367679309217218,
        "ชอบอ่านหนังสือ": 0.006069412536447824
      }
    },
    "Gradient_Boosting": {
      "accuracy": 0.8975,
      "precision": 0.8997297204462601,
      "recall": 0.8975,
      "f1_score": 0.8976910307905811,
      "confusion_matrix": [
        [
          90,
          8,
          7
        ],
        [
          2,
          116,
          9
        ],
        [
          3,
          12,
          153
        ]
      ],
      "classification_report": {
        "0": {
          "precision": 0.9473684210526315,
          "recall": 0.8571428571428571,
          "f1-score": 0.9,
          "support": 105.0
        },
        "1": {
          "precision": 0.8529411764705882,
          "recall": 0.9133858267716536,
          "f1-score": 0.8821292775665399,
          "support": 127.0
        },
        "2": {
          "precision": 0.9053254437869822,
          "recall": 0.9107142857142857,
          "f1-score": 0.9080118694362018,
          "support": 168.0
        },
        "accuracy": 0.8975,
        "macro avg": {
          "precision": 0.9018783471034006,
          "recall": 0.8937476565429322,
          "f1-score": 0.8967137156675805,
          "support": 400.0
        },
        "weighted avg": {
          "precision": 0.8997297204462601,
          "recall": 0.8975,
          "f1-score": 0.8976910307905811,
          "support": 400.0
        }
      },
      "auc": 0.9830283557641463,
      "feature_importance": {
        "คะแนนคณิตศาสตร์": 0.2640084793869553,
        "คะแนนคอมพิวเตอร์": 0.32427086348024575,
        "คะแนนภาษาไทย": 0.06572505081739703,
        "คะแนนวิทยาศาสตร์": 0.06762429043962957,
        "คะแนนศิลปะ": 0.20025391281575713,
        "ทักษะการคิดเชิงตรรกะ": 0.008544323399198016,
        "ทักษะความคิดสร้างสรรค์": 0.013236990569259427,
        "ความสนใจด้านตัวเลข": 0.006930686316332129,
        "ความสนใจด้านเทคโนโลยี": 0.0068040517188702665,
        "ความสนใจด้านการทำอาหาร": 0.020806597704254803,
        "การศึกษาของผู้ปกครอง": 0.0016772047899294294,
        "ชั่วโมงการนอน": 0.010028908723817929,
        "ความถี่การออกกำลังกาย": 0.003678492006803532,
        "ชั่วโมงใช้โซเชียลมีเดีย": 0.005568708925061936,
        "ชอบอ่านหนังสือ": 0.0008414389064880166
      }
    },
    "Logistic_Regression": {
      "accuracy": 0.93,
      "precision": 0.9301479020120502,
      "recall": 0.93,
      "f1_score": 0.9300014665446394,
      "confusion_matrix": [
        [
          96,
          5,
          4
        ],
        [
          2,
          118,
          7
        ],
        [
          4,
          6,
          158
        ]
      ],
      "classification_report": {
        "0": {
          "precision": 0.9411764705882353,
          "recall": 0.9142857142857143,
          "f1-score": 0.927536231884058,
          "support": 105.0
        },
        "1": {
          "precision": 0.9147286821705426,
          "recall": 0.9291338582677166,
          "f1-score": 0.921875,
          "support": 127.0
        },
        "2": {
          "precision": 0.9349112426035503,
          "recall": 0.9404761904761905,
          "f1-score": 0.9376854599406528,
          "support": 168.0
        },
        "accuracy": 0.93,
        "macro avg": {
          "precision": 0.9302721317874427,
          "recall": 0.927965254343207,
          "f1-score": 0.9290322306082369,
          "support": 400.0
        },
        "weighted avg": {
          "precision": 0.9301479020120502,
          "recall": 0.93,
          "f1-score": 0.9300014665446394,
          "support": 400.0
        }
      },
      "auc": 0.9940582314018536
    }
  },
  "model_summary": {
    "Random_Forest": {
      "cross_validation": {
        "accuracy_mean": 0.881875,
        "accuracy_std": 0.023124999999999993,
        "precision_mean": 0.885455131580839,
        "recall_mean": 0.8752200900260603,
        "f1_mean": 0.8785246145129755
      },
      "test_performance": {
        "accuracy": 0.8775,
        "precision": 0.8799232919254658,
        "recall": 0.8775,
        "f1_score": 0.8774068125493071
      },
      "training_time": 0.7538707017898559,
      "prediction_time": 0.10174059867858887
    },
    "Gradient_Boosting": {
      "cross_validation": {
        "accuracy_mean": 0.89625,
        "accuracy_std": 0.02375000000000001,
        "precision_mean": 0.8958783785599472,
        "recall_mean": 0.892927073316889,
        "f1_mean": 0.8935344133139124
      },
      "test_performance": {
        "accuracy": 0.8975,
        "precision": 0.8997297204462601,
        "recall": 0.8975,
        "f1_score": 0.8976910307905811
      },
      "training_time": 7.783284330368042,
      "prediction_time": 0.026258063316345216
    },
    "Logistic_Regression": {
      "cross_validation": {
        "accuracy_mean": 0.944375,
        "accuracy_std": 0.017555714881485166,
        "precision_mean": 0.9447776402597563,
        "recall_mean": 0.9429666374012292,
        "f1_mean": 0.9433185912669467
      },
      "test_performance": {
        "accuracy": 0.93,
        "precision": 0.9301479020120502,
        "recall": 0.93,
        "f1_score": 0.9300014665446394
      },
      "training_time": 0.033833098411560056,
      "prediction_time": 0.01859281063079834
    }
  },
  "confusion_matrices": {
    "Random_Forest": [
      [
        86,
        7,
        12
      ],
      [
        1,
        114,
        12
      ],
      [
        5,
        12,
        151
      ]
    ],
    "Gradient_Boosting": [
      [
        90,
        8,
        7
      ],
      [
        2,
        116,
        9
      ],
      [
        3,
        12,
        153
      ]
    ],
    "Logistic_Regression": [
      [
        96,
        5,
        4
      ],
      [
        2,
        118,
        7
      ],
      [
        4,
        6,
        158
      ]
    ]
  },
  "statistical_significance": {
    "Random_Forest_vs_Gradient_Boosting": {
      "paired_ttest": {
        "statistic": -2.437995124014632,
        "p_value": 0.03748771495157606,
        "significant": "True"
      },
      "wilcoxon": {
        "statistic": 5.5,
        "p_value": 0.01953125,
        "significant": "True"
      }
    },
    "Random_Forest_vs_Logistic_Regression": {
      "paired_ttest": {
        "statistic": -6.396021490668314,
        "p_value": 0.00012586003257094918,
        "significant": "True"
      },
      "wilcoxon": {
        "statistic": 0.0,
        "p_value": 0.001953125,
        "significant": "True"
      }
    },
    "Gradient_Boosting_vs_Logistic_Regression": {
      "paired_ttest": {
        "statistic": -5.923076923076916,
        "p_value": 0.0002226193207347072,
        "significant": "True"
      },
      "wilcoxon": {
        "statistic": 0.0,
        "p_value": 0.001953125,
        "significant": "True"
      }
    },
    "friedman_test": {
      "statistic": 18.200000000000017,
      "p_value": 0.0001116658084901137,
      "significant": "True",
      "models_tested": [
        "Random_Forest",
        "Gradient_Boosting",
        "Logistic_Regression"
      ]
    }
  },
  "best_models": {
    "best_cv_accuracy": "Logistic_Regression",
    "best_test_accuracy": "Logistic_Regression",
    "cv_accuracy": 0.944375,
    "test_accuracy": 0.93
  },
  "predictions": {
    "Random_Forest": {
      "y_pred": [
        2,
        2,
        0,
        2,
        2,
        0,
        1,
        0,
        1,
        2,
        2,
        0,
        2,
        1,
        2,
        1,
        2,
        1,
        2,
        2,
        1,
        1,
        2,
        2,
        2,
        2,
        2,
        1,
        2,
        1,
        1,
        2,
        2,
        0,
        0,
        1,
        2,
        1,
        1,
        2,
        1,
        0,
        2,
        0,
        2,
        2,
        2,
        1,
        0,
        1,
        0,
        1,
        0,
        1,
        2,
        2,
        1,
        2,
        2,
        0,
        2,
        1,
        2,
        1,
        2,
        0,
        1,
        0,
        1,
        2,
        2,
        2,
        0,
        2,
        1,
        1,
        1,
        2,
        0,
        0,
        0,
        1,
        1,
        0,
        1,
        2,
        1,
        1,
        0,
        2,
        0,
        0,
        0,
        0,
        1,
        1,
        1,
        1,
        2,
        0,
        2,
        0,
        0,
        2,
        1,
        2,
        0,
        2,
        0,
        1,
        0,
        0,
        1,
        2,
        2,
        2,
        1,
        2,
        2,
        2,
        1,
        0,
        0,
        2,
        2,
        2,
        1,
        2,
        1,
        0,
        2,
        2,
        2,
        2,
        2,
        2,
        1,
        0,
        2,
        0,
        2,
        1,
        0,
        1,
        2,
        2,
        1,
        2,
        2,
        2,
        1,
        0,
        0,
        2,
        2,
        2,
        2,
        2,
        0,
        0,
        1,
        1,
        2,
        0,
        2,
        2,
        2,
        1,
        1,
        2,
        2,
        1,
        1,
        2,
        1,
        2,
        0,
        1,
        1,
        2,
        1,
        0,
        1,
        1,
        1,
        1,
        2,
        0,
        0,
        2,
        2,
        0,
        1,
        1,
        1,
        0,
        2,
        2,
        1,
        0,
        0,
        2,
        2,
        0,
        1,
        1,
        1,
        2,
        2,
        1,
        1,
        1,
        1,
        2,
        2,
        2,
        0,
        0,
        2,
        0,
        2,
        2,
        2,
        0,
        2,
        0,
        1,
        1,
        1,
        2,
        1,
        0,
        2,
        1,
        1,
        2,
        0,
        2,
        1,
        1,
        2,
        2,
        2,
        1,
        2,
        0,
        2,
        2,
        2,
        0,
        1,
        2,
        2,
        0,
        2,
        0,
        0,
        2,
        1,
        2,
        2,
        2,
        2,
        2,
        2,
        2,
        2,
        2,
        2,
        1,
        2,
        0,
        2,
        2,
        1,
        2,
        2,
        2,
        1,
        1,
        1,
        2,
        0,
        2,
        2,
        1,
        1,
        1,
        2,
        1,
        2,
        1,
        0,
        0,
        2,
        2,
        1,
        1,
        2,
        1,
        0,
        2,
        2,
        0,
        0,
        0,
        0,
        2,
        1,
        2,
        1,
        2,
        1,
        1,
        1,
        1,
        2,
        1,
        1,
        1,
        2,
        1,
        2,
        0,
        1,
        1,
        1,
        1,
        0,
        1,
        1,
        1,
        1,
        1,
        1,
        2,
        2,
        2,
        1,
        2,
        1,
        0,
        2,
        1,
        2,
        0,
        0,
        1,
        0,
        1,
        2,
        2,
        2,
        2,
        0,
        2,
        0,
        1,
        2,
        1,
        0,
        1,
        2,
        2,
        2,
        0,
        1,
        1,
        0,
        0,
        0,
        0,
        2,
        0,
        1,
        2,
        0,
        1,
        2,
        2,
        2,
        2,
        0,
        2,
        1,
        2,
        2,
        2,
        0,
        1,
        2,
        2,
        0,
        0,
        1,
        1,
        1,
        2,
        2,
        2
      ],
      "y_prob": [
        [
          0.052809893268720744,
          0.11911552692825822,
          0.8280745798030211
        ],
        [
          0.3471464110171367,
          0.022939301179603726,
          0.6299142878032596
        ],
        [
          0.591972922613852,
          0.1492520895681147,
          0.25877498781803315
        ],
        [
          0.027897522018211673,
          0.36341768988225903,
          0.6086847880995292
        ],
        [
          0.06410037668645212,
          0.12925738979360993,
          0.806642233519938
        ],
        [
          0.6826064056262701,
          0.02792260721973837,
          0.2894709871539918
        ],
        [
          0.26193430322103745,
          0.378728144290417,
          0.3593375524885456
        ],
        [
          0.7151393492770797,
          0.046557989394778475,
          0.23830266132814187
        ],
        [
          0.08285258689494145,
          0.8721717171585953,
          0.044975695946463175
        ],
        [
          0.027710703677374906,
          0.01879068972612845,
          0.9534986065964968
        ],
        [
          0.05529524728699993,
          0.17097094720642855,
          0.7737338055065714
        ],
        [
          0.5649180447517511,
          0.09529804558509741,
          0.33978390966315153
        ],
        [
          0.056201298701298696,
          0.20678407196518653,
          0.7370146293335147
        ],
        [
          0.03896271686969362,
          0.5861796153598788,
          0.3748576677704275
        ],
        [
          0.17997763470839614,
          0.1251277324357284,
          0.6948946328558754
        ],
        [
          0.24183183671872777,
          0.5686780425841718,
          0.18949012069710036
        ],
        [
          0.11142401960784314,
          0.03266632666629701,
          0.85590965372586
        ],
        [
          0.14702652045079337,
          0.7694928032207041,
          0.08348067632850242
        ],
        [
          0.12857210438766223,
          0.1794056438552512,
          0.6920222517570864
        ],
        [
          0.17758331053178872,
          0.23201366243962737,
          0.5904030270285839
        ],
        [
          0.06312820512820512,
          0.5596121794871793,
          0.37725961538461533
        ],
        [
          0.39116224074609673,
          0.5722476590816465,
          0.03659010017225678
        ],
        [
          0.013987854251012144,
          0.2720045305571622,
          0.7140076151918255
        ],
        [
          0.04439347850217415,
          0.4407142909235759,
          0.5148922305742498
        ],
        [
          0.25707154233906254,
          0.34873186592337446,
          0.3941965917375629
        ],
        [
          0.08065523354774504,
          0.029298111835122178,
          0.8900466546171328
        ],
        [
          0.24328316297478797,
          0.22546134420745548,
          0.5312554928177565
        ],
        [
          0.12712471815405377,
          0.8312223527957997,
          0.04165292905014648
        ],
        [
          0.08178373015873017,
          0.32449219320518663,
          0.5937240766360831
        ],
        [
          0.22731054916769203,
          0.4289874343460234,
          0.34370201648628446
        ],
        [
          0.30594296567705376,
          0.6327966485099288,
          0.06126038581301738
        ],
        [
          0.25896338960638937,
          0.04464101856958999,
          0.6963955918240208
        ],
        [
          0.26599913926229707,
          0.07291029745231425,
          0.6610905632853885
        ],
        [
          0.583986595276069,
          0.10778070175438595,
          0.3082327029695451
        ],
        [
          0.6543751927846082,
          0.12495281284650821,
          0.22067199436888374
        ],
        [
          0.008333333333333333,
          0.7788257866818826,
          0.2128408799847841
        ],
        [
          0.25753625314014433,
          0.10768406549729674,
          0.6347796813625588
        ],
        [
          0.037404761904761906,
          0.5552678571428572,
          0.4073273809523809
        ],
        [
          0.023026315789473686,
          0.6114416958141189,
          0.36553198839640755
        ],
        [
          0.21586165501165497,
          0.35648850200367227,
          0.4276498429846727
        ],
        [
          0.22542008462994698,
          0.7359347647286494,
          0.0386451506414034
        ],
        [
          0.39369116659937475,
          0.22606471468099337,
          0.3802441187196319
        ],
        [
          0.16858739733336506,
          0.34331229281375353,
          0.4881003098528815
        ],
        [
          0.46275961504951807,
          0.16081263616557734,
          0.3764277487849046
        ],
        [
          0.02114501422875721,
          0.05241574020290267,
          0.9264392455683402
        ],
        [
          0.2296870964613111,
          0.15214953784197693,
          0.6181633656967119
        ],
        [
          0.14546401129534806,
          0.16704145778005133,
          0.6874945309246006
        ],
        [
          0.05649908372803111,
          0.8274120379003361,
          0.11608887837163245
        ],
        [
          0.7321695978462023,
          0.16416508247127345,
          0.10366531968252424
        ],
        [
          0.08081635229620683,
          0.7751137761837947,
          0.1440698715199985
        ],
        [
          0.5355229209348591,
          0.05643749731757633,
          0.4080395817475646
        ],
        [
          0.3012892987223415,
          0.6516253997858962,
          0.047085301491762245
        ],
        [
          0.8080664857272837,
          0.06226734218409576,
          0.12966617208862052
        ],
        [
          0.07340470494417864,
          0.663130424842517,
          0.26346487021330434
        ],
        [
          0.13350254639317852,
          0.2934305991570591,
          0.5730668544497625
        ],
        [
          0.08056311598167187,
          0.029819982898399048,
          0.8896169011199291
        ],
        [
          0.3039502478558724,
          0.609487671097177,
          0.08656208104695054
        ],
        [
          0.1314211322166578,
          0.137081393994878,
          0.7314974737884644
        ],
        [
          0.10711951476308919,
          0.09257537133960284,
          0.8003051138973077
        ],
        [
          0.5326153296572861,
          0.20631490708788913,
          0.2610697632548249
        ],
        [
          0.30167139804639803,
          0.3469979906717523,
          0.3513306112818497
        ],
        [
          0.12198517310028104,
          0.5338632810291729,
          0.344151545870546
        ],
        [
          0.028166358784893267,
          0.08527238939870443,
          0.8865612518164023
        ],
        [
          0.0077288354027484464,
          0.8048058498125455,
          0.18746531478470607
        ],
        [
          0.050371682945766716,
          0.10560118408774542,
          0.844027132966488
        ],
        [
          0.6032066762483,
          0.13713600189259167,
          0.2596573218591081
        ],
        [
          0.043495809745809744,
          0.896550809658492,
          0.05995338059569828
        ],
        [
          0.8596490166905135,
          0.031048236990950173,
          0.10930274631853636
        ],
        [
          0.3364207547982743,
          0.5685516714981399,
          0.09502757370358564
        ],
        [
          0.3000388777888778,
          0.1444380341880342,
          0.555523088023088
        ],
        [
          0.12696763720825754,
          0.08751143494866438,
          0.7855209278430781
        ],
        [
          0.061483755151932024,
          0.03768916808714603,
          0.900827076760922
        ],
        [
          0.7219100041771095,
          0.11311919381787802,
          0.16497080200501255
        ],
        [
          0.31457753304814207,
          0.09380086434943732,
          0.5916216026024206
        ],
        [
          0.20982205283989597,
          0.5357591955320224,
          0.2544187516280817
        ],
        [
          0.019962590299277605,
          0.5822892867406252,
          0.3977481229600972
        ],
        [
          0.025345511828436064,
          0.8737368043811204,
          0.10091768379044341
        ],
        [
          0.04235072311159268,
          0.28431183378096614,
          0.673337443107441
        ],
        [
          0.7037734493162374,
          0.17881916733799913,
          0.1174073833457633
        ],
        [
          0.4896044877952639,
          0.11622827208633661,
          0.39416724011839954
        ],
        [
          0.8366232969415879,
          0.07245242842424507,
          0.09092427463416702
        ],
        [
          0.2731801680600888,
          0.5403717957349518,
          0.18644803620495926
        ],
        [
          0.005333333333333333,
          0.6333141852715695,
          0.3613524813950973
        ],
        [
          0.879313094166919,
          0.09428670422557926,
          0.026400201607501637
        ],
        [
          0.01896723044397463,
          0.864828612287461,
          0.11620415726856413
        ],
        [
          0.04038237612955067,
          0.04892365996977278,
          0.9106939639006764
        ],
        [
          0.0964434860913734,
          0.6790186665346519,
          0.22453784737397456
        ],
        [
          0.35211705620640743,
          0.5996122671018632,
          0.048270676691729325
        ],
        [
          0.6304578682187377,
          0.03882352941176471,
          0.33071860236949746
        ],
        [
          0.13383428229113484,
          0.2931358603182157,
          0.5730298573906495
        ],
        [
          0.5842246750766958,
          0.2948927335860054,
          0.12088259133729878
        ],
        [
          0.5816407954202847,
          0.12231211063535623,
          0.29604709394435924
        ],
        [
          0.8359909485928386,
          0.05738698152657734,
          0.10662206988058383
        ],
        [
          0.8101499747857193,
          0.05675131190996804,
          0.13309871330431225
        ],
        [
          0.03668517773306505,
          0.6428650822146971,
          0.3204497400522379
        ],
        [
          0.34419627723375507,
          0.6307157617536664,
          0.025087961012578527
        ],
        [
          0.1777626583094325,
          0.6562255029059958,
          0.1660118387845717
        ],
        [
          0.006666666666666666,
          0.8209585221394,
          0.17237481119393327
        ],
        [
          0.03594654946781155,
          0.07423784778741675,
          0.8898156027447716
        ],
        [
          0.9225551317582414,
          0.041397141887798285,
          0.03604772635396019
        ],
        [
          0.0397192278899596,
          0.02710373664738235,
          0.9331770354626581
        ],
        [
          0.6187460356118866,
          0.026894186022921394,
          0.354359778365192
        ],
        [
          0.8280878500222166,
          0.06026480833611481,
          0.1116473416416684
        ],
        [
          0.1636277803703929,
          0.05704691323169585,
          0.7793253063979112
        ],
        [
          0.02644973921289711,
          0.6445382843081042,
          0.3290119764789985
        ],
        [
          0.02237840803788113,
          0.032191190332663225,
          0.9454304016294557
        ],
        [
          0.559844457505245,
          0.03679710098948222,
          0.4033584415052727
        ],
        [
          0.25561768750579983,
          0.07319907408484091,
          0.6711832384093591
        ],
        [
          0.4639702099078068,
          0.364342848638585,
          0.17168694145360813
        ],
        [
          0.07673891303942237,
          0.7888598684957006,
          0.13440121846487688
        ],
        [
          0.6812887596899224,
          0.29435368217054264,
          0.024357558139534885
        ],
        [
          0.782766727414492,
          0.0827087889646294,
          0.1345244836208785
        ],
        [
          0.013666666666666667,
          0.6010973896105068,
          0.3852359437228264
        ],
        [
          0.1962137602056091,
          0.054186722778019746,
          0.749599517016371
        ],
        [
          0.12402648129758358,
          0.17768546365914784,
          0.6982880550432685
        ],
        [
          0.04393197154265008,
          0.08168371409599726,
          0.8743843143613528
        ],
        [
          0.09754731202105546,
          0.7151389487890423,
          0.1873137391899022
        ],
        [
          0.08606833298103674,
          0.09211530731960224,
          0.8218163596993611
        ],
        [
          0.27796589894699136,
          0.14689455782312927,
          0.5751395432298793
        ],
        [
          0.14277370661217614,
          0.28892596852803526,
          0.5683003248597885
        ],
        [
          0.013120629370629371,
          0.8652561617327951,
          0.12162320889657549
        ],
        [
          0.638833427375094,
          0.1687067762484429,
          0.19245979637646302
        ],
        [
          0.925385408877449,
          0.027685065922230162,
          0.04692952520032084
        ],
        [
          0.16674748559710967,
          0.3162061335852771,
          0.5170463808176131
        ],
        [
          0.028642301792986723,
          0.20283544949622317,
          0.76852224871079
        ],
        [
          0.09744345239977478,
          0.16437549163760315,
          0.7381810559626222
        ],
        [
          0.4329661835748792,
          0.5341197377501725,
          0.03291407867494824
        ],
        [
          0.01650674329807117,
          0.023900503921537954,
          0.959592752780391
        ],
        [
          0.02716666666666667,
          0.6084365079365079,
          0.3643968253968254
